-5.420504513553158432e+00,2.920393000842160802e-01,-5.904094943691945430e-01,0.000000000000000000e+00,0.000000000000000000e+00,0.000000000000000000e+00
-5.384866513485431661e+00,2.681565342175203370e-01,-3.032629164523907295e-01,1.743082596778972315e-01,1.743082596778972260e+00,-1.548605126736960803e-02
-5.350842898997454355e+00,2.702411348589614515e-01,-9.965152052471516753e-02,3.452888162164891583e-01,1.709805565385919213e+00,5.402872947573193058e-02
-5.246976829703816847e+00,2.543699517799217769e-01,-1.389963020003925354e-01,1.005466084659289772e+00,6.601772684428006244e+00,-4.571466117013507358e-01
-5.079019405413461641e+00,2.322134605773883698e-01,-1.218633177555619868e-01,1.650317302681478138e+00,6.448512180221883661e+00,-4.954471444024320381e-01
-4.864883210248785339e+00,2.075748799264420519e-01,-6.559282429387609803e-02,1.834765205606161631e+00,1.844479029246834934e+00,3.449018751758758383e-01
-4.675995242432074761e+00,2.057399899235656804e-01,-6.285243956274845500e-02,2.028182740040616494e+00,1.934175344344548630e+00,2.619481196183595650e-01
-4.417437845281797948e+00,1.794147558726233715e-01,-6.895091835464009500e-02,2.204983853439340891e+00,1.768011133987243966e+00,1.483996611081619676e-01
-4.138561690269402682e+00,1.686246159656916432e-01,1.737229716185377136e-03,2.412541091502943047e+00,2.075572380636021563e+00,1.162028189765266784e-01
-3.842099260811818517e+00,1.804142521639151564e-01,-1.840648116206096072e-02,2.625641263055694008e+00,2.131001715527509610e+00,9.454940515718752991e-02
-3.565653668824533717e+00,1.580782041981368957e-01,-7.671447233480548772e-03,2.820598488099633094e+00,1.949572250439390864e+00,4.354308159984662113e-02
-3.261309184222678237e+00,1.759586643318705457e-01,1.846251779382622471e-02,3.019973329792255523e+00,1.993748416926224287e+00,1.372600659670555889e-01
-2.965990528027964146e+00,1.691507537139035899e-01,2.686724546595143856e-02,3.222793695861713381e+00,2.028203660694578581e+00,8.175742760676801835e-02
-2.616260330472196305e+00,1.932935214729181728e-01,1.560056086901225603e-01,3.427604137970858833e+00,2.048104421091454519e+00,1.680545007991332829e-01
-2.260600238545146468e+00,2.800971205917097140e-01,1.851925875009846345e-01,3.630906294998857309e+00,2.033021570279984758e+00,1.925522695955350638e-01
-1.897200901748426594e+00,3.280015253838385325e-01,2.274475117406459801e-01,3.832482455648133168e+00,2.015761606492758595e+00,9.144136356091955159e-03
-1.510925384787516146e+00,4.536112704609410184e-01,3.128563706349450357e-01,4.029212976568698146e+00,1.967305209205649774e+00,1.920307013319063894e-01
-1.119692344941525475e+00,5.795098844675835581e-01,4.171174708992000379e-01,4.216673875193766463e+00,1.874608986250683174e+00,1.254712299838067757e-01
-7.488813770524707092e-01,7.912879049890420013e-01,5.336865489117490480e-01,4.392135739757199175e+00,1.754618645634327123e+00,2.582493328328564486e-01
-3.715929814501268136e-01,1.021546755188818212e+00,5.325849768491678349e-01,4.555073153104628680e+00,1.629374133474295050e+00,1.096605945002410154e-01
6.245993338235850123e-02,1.269488160042834934e+00,5.721802439895151693e-01,4.716662169426543372e+00,1.615890163219146913e+00,6.716084458129011059e-02
4.953294808942936833e-01,1.579887159797596752e+00,4.425523917622968262e-01,4.889224800575882490e+00,1.725626311493391185e+00,-1.113926980735436764e-02
1.000127440309957150e+00,1.713851018213615518e+00,2.769859150487237742e-01,5.085125802201518219e+00,1.959010016256357289e+00,-4.280562400065029416e-01
1.502336000572178198e+00,1.866172899821724185e+00,1.171168998317072413e-01,5.304127876257836327e+00,2.190020740563181079e+00,-1.462806645725674703e-01
2.070952125950661582e+00,1.839839246732301037e+00,-1.686594663878404274e-02,5.544288558957426005e+00,2.401606826995896782e+00,-4.049241827907871238e-01
2.643475487710488903e+00,1.846924676972135915e+00,1.054322064419473404e-01,5.781642319517742656e+00,2.373537605603166512e+00,6.416766149973358868e-02
3.245463093187192172e+00,1.964131412992314862e+00,3.379495507946566613e-01,5.987413188690790200e+00,2.057708691730475437e+00,2.278524626303715939e-01
3.797758180714497112e+00,2.252576004591744230e+00,7.599991031089181615e-01,6.144920574408770264e+00,1.575073857179800640e+00,4.847337618675176540e-01
4.127317274191675267e+00,2.802289501955786299e+00,1.293212852893722120e+00,6.234772341115235150e+00,8.985176670646488617e-01,6.569866788845876160e-01
4.138898232682240774e+00,3.449811554390638690e+00,1.819983486770658354e+00,6.243336466640805327e+00,8.564125525570176478e-02,7.034719223478225203e-01
3.824636606848844433e+00,3.991715433815311798e+00,2.331491371941141200e+00,6.193910936981041893e+00,-4.942552965976343415e-01,7.813425657552371950e-01
3.306087593352052600e+00,4.324819214978222526e+00,2.850933544417127319e+00,6.027577518488666186e+00,-1.663334184923757064e+00,7.203014183597719056e-01
2.691945404126547370e+00,4.330538181117444374e+00,-3.031429246936828470e+00,5.855680611615943221e+00,-1.718969068727229654e+00,7.366371193636377379e-01
2.139601156785974734e+00,4.195792718365524365e+00,-2.879978725902916814e+00,5.698607036075855170e+00,-1.570735755400880507e+00,3.990543682908897494e-01
1.570450272235507150e+00,4.030257380947680268e+00,-2.933953031228970776e+00,5.577558308107826157e+00,-1.210487279680290129e+00,7.939093210721928986e-03
1.018872564270124625e+00,3.959682021013040565e+00,-2.956778878039505454e+00,5.463214855615081689e+00,-1.143434524927444684e+00,-1.892230003037098651e-01
4.913620889592510421e-01,3.828524973027686684e+00,-2.893781990651848712e+00,5.352525210763289465e+00,-1.106896448517922238e+00,9.990328260231030877e-02
-1.119329822665138252e-02,3.699063883139511066e+00,-2.776353651659492883e+00,5.241203465796260730e+00,-1.113217449670287351e+00,1.229663751980019509e-01
-4.605598281925129545e-01,3.464513854992979702e+00,-2.611987259936325856e+00,5.127653813053604459e+00,-1.135496527426562707e+00,3.222423903120479882e-01
-8.466109157968172427e-01,3.210021219375255974e+00,-2.516813340596493198e+00,5.014184174947442507e+00,-1.134696381061619519e+00,2.098412762214279248e-01
-1.246411383647072046e+00,2.897797845829143792e+00,-2.469765968356179453e+00,4.902886276226394280e+00,-1.112978987210482273e+00,1.678332684575190581e-01
-1.622039654783529405e+00,2.593375688115891808e+00,-2.510707538186345289e+00,4.799628517598375943e+00,-1.032577586280183368e+00,5.968864591469297959e-02
-1.997167151891494630e+00,2.349392337512397955e+00,-2.613379265861765166e+00,4.744473226008473432e+00,-5.515529158990251091e-01,-1.681520829677538575e-01
-2.412022730905428958e+00,2.132405106637347281e+00,-2.886001895921496807e+00,4.735742941091435121e+00,-8.730284917038311221e-02,-3.853905581797872348e-01
-2.892100140292287236e+00,2.115541184477479852e+00,2.973695380302673108e+00,4.729917637159649857e+00,-5.825303931785263956e-02,-6.810299258705220238e-01
-3.354472285761025407e+00,2.292143628217600870e+00,2.561127307378753937e+00,4.774475805125056205e+00,4.455816796540634783e-01,-6.838354724115833783e-01
-3.718428252249094790e+00,2.657475045331522345e+00,2.163089498370081021e+00,4.887443337724982406e+00,1.129675325999262014e+00,-7.134182925828619348e-01
-3.908210561741662037e+00,3.115078854013968002e+00,1.757988730767752195e+00,5.067400064198590570e+00,1.799567264736081640e+00,-6.480662136771162540e-01
-3.909043766937886133e+00,3.663839831661913848e+00,1.627269916751270973e+00,5.285705217061698491e+00,2.183051528631079208e+00,-5.428292865260736511e-01
-3.969964827185783474e+00,4.207423103103617557e+00,1.796194130729321881e+00,5.498988127339236698e+00,2.132829102775382069e+00,6.007927922743579174e-02
-4.154363151887577210e+00,4.733729713553009866e+00,2.196669253943579481e+00,5.664433333900228185e+00,1.654452065609914868e+00,4.751621489780535890e-01
-4.606579477839263248e+00,5.088169581749660608e+00,2.695788303342988801e+00,5.767307252588742550e+00,1.028739186885143653e+00,6.762055721982686007e-01
-5.170838103610440939e+00,5.219493771847492525e+00,-3.105266091190956423e+00,5.818378988927227269e+00,5.107173633848471894e-01,6.791931924278170607e-01
-5.705483621951523254e+00,5.048232603042122513e+00,-2.694237641553489659e+00,5.773687908682177294e+00,-4.469108024504997445e-01,6.721950854484304294e-01
-6.164236557495492264e+00,4.742864128724158412e+00,-2.280636731160324615e+00,5.667153861614469434e+00,-1.065340470677078599e+00,6.546976821506496069e-01
-6.377509177772133775e+00,4.266126560275131041e+00,-1.889317635639374604e+00,5.544103458156920183e+00,-1.230504034575492511e+00,7.062355434192125747e-01
-6.497868977367098786e+00,3.731087625971139410e+00,-1.952811258165489505e+00,5.438807645980888061e+00,-1.052958121760321220e+00,2.792504768986562858e-01
-6.779104082150177568e+00,3.266515050850247182e+00,-2.299351534254054918e+00,5.378627787624764345e+00,-6.017985835612371659e-01,-5.106635301415515249e-01
-7.176888150047775916e+00,2.970127500763847461e+00,-2.643555816643420542e+00,5.370486856972886969e+00,-8.140930651877376079e-02,-5.673126491073229305e-01
-7.669292254049405066e+00,2.782469752873508284e+00,-2.905204266021129023e+00,5.409255930268403567e+00,3.876907329551659842e-01,-4.714689478258039523e-01
-8.219409015979033839e+00,2.718992389305050938e+00,-3.049688206658602851e+00,5.465460931701093372e+00,5.620500143268980509e-01,-3.766966870751020657e-01
-8.787975150671472946e+00,2.679367374128845736e+00,3.088747912087707270e+00,5.532047278606245122e+00,6.658634690515174981e-01,-1.928032852949180531e-01
-9.300347805321036887e+00,2.776167551936903344e+00,2.917571940385736529e+00,5.613204987420712833e+00,8.115770881446771057e-01,-3.031223223842408609e-01
-9.863312000926772072e+00,2.924377515039461084e+00,2.802052321948691915e+00,5.722563472652383076e+00,1.093584852316702438e+00,-1.640328963760049885e-01
-1.040660893782350449e+01,3.166920860831917484e+00,2.528867222561141492e+00,5.891803753980231484e+00,1.692402813278484075e+00,-3.239434011554132020e-01
-1.083410217876951975e+01,3.606826880280712633e+00,2.326656727923995582e+00,6.055139250503684956e+00,1.633354965234534717e+00,-5.486947726576407725e-01
-1.127446854887605809e+01,4.087626043343130178e+00,2.287040177898712390e+00,6.244463419480960731e+00,1.893241689772757752e+00,-1.903715409568106642e-01
-1.168667681338798481e+01,4.586297709594324701e+00,2.410946318321042003e+00,6.415970520994243032e+00,1.715071015132823007e+00,6.058922333742221278e-02
-1.226536201638800527e+01,4.975548015542936575e+00,2.732708947318530424e+00,6.553863850454384909e+00,1.378933294601418780e+00,4.395859927945068302e-01
-1.285089010808389354e+01,5.090756780159535033e+00,3.065991317447402054e+00,6.645643090496443861e+00,9.177924004205895159e-01,5.060001853705654584e-01
-1.357239381580777682e+01,5.074550055302117002e+00,-3.042427775050633443e+00,6.714648648179937673e+00,6.900555768349381225e-01,2.896918555915377613e-01
-1.423429858070358378e+01,4.953119791903546343e+00,-2.939534560627738546e+00,6.779803978747184878e+00,6.515533056724720495e-01,2.027354979675626001e-01
-1.489630228143897739e+01,4.803342645848604597e+00,-2.796964969020073077e+00,6.836960950871358911e+00,5.715697212417403250e-01,1.640154642457270773e-01
-1.550046643033946303e+01,4.498626058765659685e+00,-2.579460393732612822e+00,6.879917123299805759e+00,4.295617242844684824e-01,3.277768781625347572e-01
-1.607811910573115455e+01,4.058887990069715457e+00,-2.322537056447618209e+00,6.872410560999028029e+00,-7.506562300777730457e-02,3.069224634071145985e-01
-1.644191228264798710e+01,3.491573991551570888e+00,-2.003306222331125319e+00,6.844409425063374464e+00,-2.800113593565356496e-01,4.436724083670022800e-01
-1.663920636690244947e+01,2.843525133506867864e+00,-1.776140268785070031e+00,6.809469316919994242e+00,-3.494010814338022186e-01,3.337223030438780658e-01
-1.671594531417359519e+01,2.175876435013261556e+00,-1.631693627520223400e+00,6.762517770660663174e+00,-4.695154625933106729e-01,1.918102892465325948e-01
-1.672078518332829589e+01,1.505568507986987159e+00,-1.313669589618571942e+00,6.692055187494499791e+00,-7.046258316616338391e-01,2.836897330963106811e-01
-1.638725053957552191e+01,9.258358710679175374e-01,-8.771317657028729897e-01,6.603045913082722151e+00,-8.900927441177763910e-01,5.999894716544441620e-01
-1.590285691114951305e+01,5.219089544629487154e-01,-5.365394142863162408e-01,6.446437597583166479e+00,-1.566083154995556725e+00,5.794459840441242848e-01
-1.531193762296885907e+01,2.863093069250790546e-01,-2.523776300854020938e-01,6.283970153801875291e+00,-1.624674437812911876e+00,4.825434314917215195e-01
-1.467610815359396703e+01,2.055597509089961139e-01,-7.154276059851837066e-02,6.111026905338031057e+00,-1.729432484638442347e+00,3.871202099226105364e-01
-1.404640824083039874e+01,1.956150530032290669e-01,6.094171580862539628e-02,5.938798810230698777e+00,-1.722280951073322797e+00,1.749193649402132900e-01
-1.344975396187122740e+01,2.803885378481439927e-01,5.156554639794943412e-02,5.789527936369596617e+00,-1.492708738611021602e+00,9.156506878412258577e-02
-1.289538346803291446e+01,2.550209371919606727e-01,-1.203322259362103394e-02,5.659022538502584965e+00,-1.305053978670116521e+00,-1.548597142081172551e-01
-1.234086118218522898e+01,2.670443401184743326e-01,2.072620369967573609e-02,5.548399966150752149e+00,-1.106225723518328152e+00,7.098835317663353128e-02
-1.179052439336865810e+01,2.779237510228626529e-01,3.334355818871451334e-03,5.456351114512831835e+00,-9.204885163792031477e-01,-1.173145957469522507e-02
-1.125326734019894737e+01,2.706707784135741757e-01,3.234916372873269594e-03,5.380765886903913220e+00,-7.558522760891861481e-01,-2.820558579747606959e-02
-1.071963602302964702e+01,2.813879974296815689e-01,4.248370093691226923e-02,5.321696860017611108e+00,-5.906902688630211173e-01,2.078651030417761128e-02
-1.019652810300687840e+01,3.155920009656003056e-01,7.221242865852069842e-03,5.280086593801773809e+00,-4.161026621583729934e-01,-2.772869947167592997e-02
-9.665437206681776416e+00,2.890007554377274634e-01,-4.677872327072389591e-03,5.254124006563680283e+00,-2.596258723809352631e-01,-1.063278383456325721e-01
-9.159216382674493673e+00,3.107395537799164109e-01,-1.990087702039465903e-02,5.239005446653657749e+00,-1.511855991002253319e-01,1.111174261310646783e-01
-8.660846146056575989e+00,2.690058725909071913e-01,-4.415425664517589471e-02,5.234216191735107770e+00,-4.789254918549978868e-02,-2.009128851513505148e-02
-8.140758017093775223e+00,2.657410349089616708e-01,2.016213778776494367e-02,5.247920225948258910e+00,1.370403421315113945e-01,1.164560934508096640e-01
-7.601066092604928492e+00,2.903761998952122947e-01,2.092560723182915194e-02,5.265974706984689391e+00,1.805448103643048086e-01,-2.834787251436429387e-02
-7.044037695753217143e+00,2.886939239059231888e-01,-2.151253669512763131e-02,5.305927595865601809e+00,3.995288888091241830e-01,-1.653258780801639960e-01
-6.515488904886778343e+00,2.670190775562674146e-01,-8.457383114170517746e-02,5.356948850866575462e+00,5.102125500097365318e-01,-1.140686923875895709e-01
-5.990148372086991913e+00,1.993493452540692212e-01,-1.281057609925971008e-01,5.411475679416586360e+00,5.452682855001089735e-01,-2.631084609580448819e-02
