9.994530935152347306e-02,2.775323572378454333e-15,-1.227915847294498208e+00,0.000000000000000000e+00,0.000000000000000000e+00,0.000000000000000000e+00
9.994530935152347306e-02,-1.514495557429093066e-02,-1.572701665106156221e-02,1.743082596778972315e-01,1.743082596778972260e+00,-1.548605126736960803e-02
1.998971458752479280e-01,-4.441565052807847254e-03,1.144928439001551279e-01,8.391902665114586712e-01,6.648820068335614231e+00,-4.209363251076178036e-01
2.998657237130151199e-01,8.102868895978242170e-03,4.990624215723000329e-02,1.023448001280367059e+00,1.842577347689083878e+00,5.565218113106504272e-02
4.998562354775962779e-01,1.297680817095869452e-02,-7.727340204001963142e-02,1.663874097999335167e+00,6.404260967189681075e+00,-4.976959083434305819e-01
6.998993939564364108e-01,-2.083193501491713631e-02,-3.401951937583211349e-02,1.844203823797941677e+00,1.803297257986065105e+00,1.707627081563701799e-01
8.999630062497914196e-01,-3.721560021607416870e-03,4.915160294982008626e-02,2.033820612637009528e+00,1.896167888390678513e+00,2.607122176929623225e-01
1.200079345225391947e+00,2.551116650537501446e-03,1.710076000256610662e-02,2.231110828424349712e+00,1.972902157873401841e+00,1.262725229266646876e-01
1.400217418243194345e+00,5.573216666269467309e-03,9.290225913053681839e-02,2.435059577842012324e+00,2.039487494176626114e+00,9.440788087110486837e-02
1.700500631847804867e+00,4.915166028781137175e-02,5.076688196875688702e-02,2.522747812689225544e+00,8.768823484721322004e-01,1.713079154236249110e-02
1.900683030048448519e+00,3.460557466899679552e-02,-9.232162167649356210e-02,2.621107003825847492e+00,9.835919113662194846e-01,-1.472480248180060847e-01
2.200818738814093845e+00,-4.513808571090720083e-03,-1.404881556745010973e-01,2.822456678583795231e+00,2.013496747579477386e+00,1.296969666798087895e-01
2.500608474523769775e+00,-4.973450847710216005e-02,-4.216345764298027460e-02,3.029029560924130227e+00,2.065728823403349956e+00,2.500231213324550228e-01
2.800109479431607262e+00,-3.518999565780304289e-02,1.836713186820790322e-02,3.239154909026440876e+00,2.101253481023106495e+00,3.176557069387336840e-01
3.199922847731903719e+00,-4.166316684437523787e-02,1.480636434993390371e-02,3.449124973737732525e+00,2.099700647112916485e+00,1.362573136393255835e-01
3.601942739750826128e+00,-2.330116381556934790e-02,8.097361136345282429e-02,3.658520064514583670e+00,2.093950907768511449e+00,1.645036229846847387e-01
4.006777410189618749e+00,2.241176402172073007e-02,4.058878603830951004e-02,3.864027246461301690e+00,2.055071819467180205e+00,1.483041064840047996e-01
4.410074253935741595e+00,6.846900700730086317e-03,-5.680694255349505450e-02,4.061038997310982168e+00,1.970117508496804781e+00,4.067355820637676145e-02
4.809287000702371806e+00,-2.426382072149137203e-02,-8.532807604220565834e-02,4.246652977655393180e+00,1.856139803444110115e+00,2.419844809213905212e-01
5.207162688201484535e+00,-6.093200366626330688e-02,-9.131258924654317433e-02,4.420182122826720850e+00,1.735291451713276700e+00,3.174103261400901266e-01
5.708742332474929349e+00,-9.694571368142257395e-02,-1.076643338492898616e-01,4.592652608092922861e+00,1.724704852662020116e+00,1.973295311960506226e-01
6.210446993592738885e+00,-1.466365650576292867e-01,-1.272473761919441504e-01,4.776248656905457857e+00,1.835960488125349954e+00,-1.157701765092345597e-01
6.712492275267028852e+00,-1.955650975572442718e-01,-8.449736260352586070e-02,4.983209495864673322e+00,2.069608389592154651e+00,-3.167741622769716381e-01
7.320547154698802572e+00,-2.145983318526035188e-01,-4.482631888667576447e-02,5.213184586584581837e+00,2.299750907199085148e+00,-3.536761434344616872e-01
7.922656054589874763e+00,-2.401758213736903957e-01,1.124208424387403496e-02,5.464130417178135524e+00,2.509458305935536870e+00,-3.370275878614740761e-01
8.520575340883279836e+00,-2.411948427868754463e-01,4.436194157576055230e-02,5.711992392260811791e+00,2.478619750826762669e+00,-1.386418406813265392e-01
9.030730433554559511e+00,-2.287784122323425484e-01,3.308885919904303030e-02,5.927917153776553150e+00,2.159247615157413591e+00,1.902829934026140091e-01
9.551314296661116643e+00,-2.351808185593729505e-01,1.635271697324558460e-02,6.095158002952099530e+00,1.672408491755463800e+00,4.377645001818570858e-01
1.007000346945779334e+01,-2.665750833134701292e-01,-9.473210896602601849e-02,6.194267512484940674e+00,9.910950953284114462e-01,6.227433554944128424e-01
1.051925225641702610e+01,-2.870764705009247186e-01,6.544869739257230812e-02,6.236069651728960217e+00,4.180213924401954273e-01,7.029506525912785353e-01
1.105624271010116999e+01,-2.176398795812046760e-01,7.417677176183534726e-02,6.235748078591371701e+00,-3.215731375885155785e-03,7.041202244004756139e-01
1.150814537326591136e+01,-2.607775695255702408e-01,-2.064742812062987376e-01,6.111020030030367423e+00,-1.247280485610042788e+00,6.949347352762133001e-01
1.202102088828884874e+01,-3.426202131592752664e-01,6.114367837355024093e+00,5.933197399832578434e+00,-1.778226301977889889e+00,7.296501425214618752e-01
1.257731274002245137e+01,-3.685503742996477650e-01,3.136401595928983710e-02,5.779380502113708573e+00,-1.538168977188698605e+00,5.349093553885514440e-01
1.318592992420661325e+01,-2.759816776137032912e-01,1.999510826907404670e-01,5.642782662215570788e+00,-1.365978398981377850e+00,1.653329687262382330e-01
1.377138752402420785e+01,-1.579726050978224328e-01,1.669257275211939451e-01,5.529858572089039193e+00,-1.129240901265315955e+00,-7.099665299475739488e-02
1.427154167131369178e+01,-1.083309562003978155e-01,1.192618103479725633e-01,5.419779916202098313e+00,-1.100786558869408793e+00,-6.047189685853351926e-02
1.487587555030010478e+01,-4.531737283026958385e-02,2.283017403053877459e-02,5.310102262769085257e+00,-1.096776534330130559e+00,1.914878885663198471e-01
1.537747123359516088e+01,-7.057692817152112774e-02,-2.035691554996921226e-02,5.195737169419099466e+00,-1.143650933499857913e+00,2.232616458181890251e-01
1.577979492348992352e+01,-5.258071185140562875e-02,1.040938960371367017e-01,5.080852801202686564e+00,-1.148843682164129021e+00,4.020893924753755067e-01
1.638645400294494081e+01,1.995725090043708183e-02,1.508687409977715888e-02,4.967614959119860174e+00,-1.132378420828263899e+00,2.686969400116887008e-01
1.679150121660399009e+01,-1.569914602820257632e-03,-9.612637895607090144e-02,4.861963964637306290e+00,-1.056509944825538838e+00,-8.010436269875044479e-02
1.729308538083321878e+01,-4.756058817765693170e-02,-1.270741769184704495e-01,4.775906630799127583e+00,-8.605733383817870674e-01,-1.270154655178389602e-01
1.779337677464892309e+01,-8.895523219397738490e-02,-1.376298702633707016e-01,4.721756840889566931e+00,-5.414978990956065275e-01,-3.577670577406181218e-01
1.831306495040463744e+01,-1.471403375024606108e-01,6.067821995608936092e+00,4.714158671336025286e+00,-7.598169553541644916e-02,-6.278312632055970122e-01
1.893113055618962903e+01,-2.591438802856043111e-01,-1.226839405394049010e-01,4.757278849900087536e+00,4.312017856406225036e-01,-6.472147720758815170e-01
1.954894168021016654e+01,-2.468447777216151717e-01,6.593691734824824735e-02,4.869124161591053657e+00,1.118453116909661205e+00,-6.886657874674166901e-01
2.016984176154322839e+01,-1.893796536875362313e-01,2.157246297886954434e-01,5.048254081007936378e+00,1.791299194168827214e+00,-7.075141862301423945e-01
2.067967440034563964e+01,-6.378006168922102648e-02,2.310333996870634898e-01,5.266006567351898759e+00,2.177524863439623815e+00,-5.732331546031977920e-01
2.127579355702151176e+01,-2.627585278785457210e-02,1.036107938598340716e-01,5.478989064259303987e+00,2.129824969074052277e+00,-2.994330263222459987e-01
2.187878303854154893e+01,-1.095332365573537317e-02,-3.888531381407389631e-02,5.644363889417974178e+00,1.653748251586701912e+00,6.321254460938772191e-01
2.241669242431756359e+01,-2.305004814079936182e-02,-7.445998316088919822e-02,5.747375159289221713e+00,1.030112698712475350e+00,6.651000837966980495e-01
2.297498428656297875e+01,-9.247878387750023410e-02,6.222346717208953493e+00,5.798769832625161769e+00,5.139467333594005538e-01,6.587463379509879147e-01
2.349960016949061270e+01,-1.108719170783337149e-01,-9.767449049293830399e-03,5.754565487240842714e+00,-4.420434538431905480e-01,7.132243492011122177e-01
2.396193196493253197e+01,-1.688833610709915833e-01,-1.992910276134267633e-01,5.648660725762205459e+00,-1.059047614786372549e+00,7.467939333585171813e-01
2.446537245068125799e+01,-2.543867440757592857e-01,-2.555726200403194426e-01,5.526361610693342641e+00,-1.222991150688628181e+00,6.786872369842330555e-01
2.510429941245992325e+01,-3.812750785679599463e-01,-8.843501188107683042e-02,5.421919376541763924e+00,-1.044422341515787167e+00,9.032667870673613542e-02
2.582354761972827717e+01,-3.121146743963396641e-01,1.786343530579186378e-01,5.362676621102039576e+00,-5.924275543972434832e-01,-3.113368138876281832e-01
2.641911379290096207e+01,-2.176772055732568711e-01,2.564713647985810141e-01,5.355538594740148817e+00,-7.138026361890759119e-02,-6.669808734776153658e-01
2.692715379293835909e+01,-1.042952211424301306e-01,1.860661977623121466e-01,5.395359764518980583e+00,3.982116977883176645e-01,-5.246899052552699283e-01
2.753480330346351579e+01,-4.240274019990335902e-02,3.473321941640117316e-02,5.452650614444149113e+00,5.729084992516852992e-01,-3.379303951035356191e-01
2.802989125521963842e+01,-5.677087536977887955e-02,-5.980985833737451074e-02,5.520342328165100731e+00,6.769171372095161843e-01,-2.316862982328794507e-01
2.864255015890806177e+01,-1.014275689897265742e-01,-1.427502301019041298e-01,5.602611916618200461e+00,8.226958845309972901e-01,-1.936579442396157702e-01
2.916381991738096602e+01,-1.917324405093841777e-01,-1.551614745740366175e-01,5.713077024232664058e+00,1.104651076144635979e+00,-2.897283971130887870e-01
2.993650385880439302e+01,-1.743383449648182038e-01,1.760308975427142819e-01,5.883408130189224039e+00,1.703311059565599805e+00,-2.675767529545315382e-01
3.053141603743909727e+01,-8.683522706231154575e-02,1.523408087215343265e-01,6.047809325116427104e+00,1.644011949272030648e+00,-5.447098592083723378e-01
3.116295875911669810e+01,-6.098074535162227583e-02,1.101973638345876694e-01,6.238165921910950651e+00,1.903565967945235471e+00,-1.967625512608364435e-01
3.179167781325959297e+01,1.119612421346435557e-02,1.386703761737968499e-01,6.410665183435455106e+00,1.724992615245044547e+00,2.937726733743048491e-01
3.249102736758761267e+01,7.591299441158991246e-02,-2.451212322813312028e-03,6.549504510281285441e+00,1.388393268458303353e+00,3.143349434502101802e-01
3.318451479367320189e+01,-1.616534528935880104e-03,6.076060056568034717e+00,6.642178741372195105e+00,9.267423109090966449e-01,3.331934731177269016e-01
3.379836186294267719e+01,-1.341180949843540360e-01,-1.021553185063770464e-01,6.712024434490897029e+00,6.984569311870192365e-01,3.622716590370335665e-01
3.449901853681071628e+01,-1.285259741450664461e-01,2.800000752968090367e-02,6.777962129086722243e+00,6.593769459582521364e-01,3.543447767016557615e-01
3.520360632859973293e+01,-1.132404765998408502e-01,3.830581464749771570e-02,6.835841647333221083e+00,5.787951824649884003e-01,1.948759951883558827e-01
3.581820424900683264e+01,-8.339622909889084224e-02,6.455444161178069962e-02,6.879459304307141032e+00,4.361765697391994934e-01,2.473330024088871981e-01
3.651371795014690491e+01,-7.013601183659985694e-02,-4.997065398883648868e-02,6.872552656287216344e+00,-6.906648019924688242e-02,2.891610737145733356e-01
3.711030262791381773e+01,-1.185145078508537397e-01,-9.928503497448404325e-02,6.845090022251448580e+00,-2.746263403576776341e-01,3.656901612385144440e-01
3.783104381260817206e+01,-1.824554539920430762e-01,-1.576826340519787983e-02,6.810627759846084928e+00,-3.446226240536365282e-01,3.273686003277982426e-01
3.844345082992735740e+01,-1.346452448930181567e-01,6.955236721288637902e-02,6.764094690321708292e+00,-4.653306952437663568e-01,3.076978019251791485e-01
3.903661045497667459e+01,-1.204351763137538889e-01,5.722507120951680903e-03,6.693992967020392371e+00,-7.010172330131592133e-01,2.807587752565193773e-01
3.964972307483093061e+01,-1.126506368731556573e-01,-4.297451776005123403e-02,6.605289088691718824e+00,-8.870387832867354660e-01,4.835136034516152037e-01
4.027681351648034536e+01,-1.541813008411124231e-01,2.791646174980533246e-02,6.444796424741930707e+00,-1.604926639497881169e+00,6.649653206154862994e-01
4.087433896202884398e+01,-9.719045488317291925e-02,6.055301654655381727e-02,6.282610181964694007e+00,-1.621862427772366999e+00,4.194314367287271805e-01
4.146621529864628997e+01,-1.036966667930080133e-01,-6.989298422296767732e-02,6.109933614122870615e+00,-1.726765678418233918e+00,2.935355665196539010e-01
4.207283035253108494e+01,-1.549903544984907733e-01,-9.103782945969846052e-02,5.937956464487508690e+00,-1.719771496353619256e+00,2.582087242953689521e-01
4.267816797290074504e+01,-1.875459114442968034e-01,-2.607507836281632366e-02,5.788919865008611332e+00,-1.490365994788973580e+00,1.934904999287777594e-01
4.317678622441538039e+01,-1.844396164119221637e-01,6.378811469690068292e-02,5.658631394799194858e+00,-1.302884702094164737e+00,8.206005583585526675e-02
4.377487122247106299e+01,-1.093342968805807447e-01,4.921833932587159344e-02,5.548207968776230459e+00,-1.104234260229643994e+00,-1.766206678696664520e-02
4.437523881964430927e+01,-1.290813077010984355e-01,-2.943356277822354108e-02,5.456340268808037131e+00,-9.186769996819332817e-01,-2.364267078573963066e-01
4.487574912458488541e+01,-1.426717178475237213e-01,-3.870859366692196851e-02,5.380918186158920591e+00,-7.542208264911653970e-01,6.388036755533414712e-02
4.547572419051954995e+01,-1.680046052046174909e-01,2.301904855968375796e-02,5.321994466743890762e+00,-5.892371941502982935e-01,6.061508146109034767e-02
4.597557536098809550e+01,-1.181539665240713272e-01,4.875791592053921319e-02,5.280512001184935578e+00,-4.148246555895518384e-01,9.355427508301362993e-02
4.647558266445421538e+01,-1.203308620815117941e-01,1.749739315424881855e-02,5.254660180464204799e+00,-2.585182072073077819e-01,-1.413785710745095736e-01
4.707576243299822494e+01,-1.076371326739627432e-01,7.370260183363806783e-03,5.239635948680803068e+00,-1.502423178340173138e-01,3.884932784381139870e-02
4.757653666288698702e+01,-1.073858112539696347e-01,-5.673800412487435552e-02,5.234925284055940153e+00,-4.710664624862914707e-02,-1.243592907318929498e-02
4.807644463089246756e+01,-1.526660773584256614e-01,-7.481315926160470031e-02,5.248692958610201131e+00,1.376767455426097797e-01,-8.984043010933052964e-02
4.867537526714742313e+01,-1.700867748093231879e-01,5.732376407399691898e-02,5.266796988627010734e+00,1.810403001680960244e-01,4.563698920482816418e-03
4.917595014056569624e+01,-1.113684502767705725e-01,7.367503370116848527e-02,5.306786248773841308e+00,3.998926014683057417e-01,6.305448628109102012e-03
4.977640976972170250e+01,-1.079195224818876864e-01,-4.262785410044576950e-02,5.357831651385059679e+00,5.104540261121837119e-01,-1.039951855905081879e-01
5.027650292778118057e+01,-1.442617264653848486e-01,-7.367916232734283977e-02,5.412371384779105732e+00,5.453973339404605269e-01,4.597483406279580589e-03
