9.994530935152347306e-02,1.981249297228381116e-15,-4.390726997620551519e-01,0.000000000000000000e+00,0.000000000000000000e+00,0.000000000000000000e+00
9.994530935152347306e-02,-1.203037628155434642e-02,9.546254622357226716e-02,1.743082596778972315e-01,1.743082596778972260e+00,-1.548605126736960803e-02
1.998971458752479280e-01,9.562136947904148129e-03,9.271140965079884000e-02,8.391902665114586712e-01,6.648820068335614231e+00,-4.128816170530764107e-01
2.998657237130151199e-01,8.452742141993516839e-03,2.822407286199611620e-02,1.489938507266809875e+00,6.507482407553511372e+00,-5.272984456482986415e-01
4.998562354775962779e-01,1.621262830466414437e-02,-4.316118291518054872e-02,1.654968370157775759e+00,1.650298628909658838e+00,1.754424319103954910e-01
6.998993939564364108e-01,-7.512316310555386747e-03,-5.076650262616755338e-02,1.831612820959089394e+00,1.766444508013136350e+00,1.024059667134621376e-01
8.999630062497914196e-01,-4.315793891863296816e-03,-3.587410201425619838e-02,2.018038772328982322e+00,1.864259513698929283e+00,1.668030415486801143e-01
1.100033248612374726e+00,-2.276024510599559958e-02,-1.109976316387713130e-01,2.212615052797145321e+00,1.945762804681629987e+00,1.199833520643147911e-01
1.300140701661535170e+00,-5.212652728505420135e-02,-8.062717166486477183e-02,2.390793455603225759e+00,1.781784028060804381e+00,1.707851323315505154e-01
1.600401979579088030e+00,-5.952824056777381717e-02,2.747202100713401832e-02,2.575944747065965768e+00,1.851512914627400086e+00,2.344480071574754354e-01
1.800596359876407870e+00,-4.282164162917657252e-02,7.231216180872127031e-02,2.767245530122310893e+00,1.913007830563451250e+00,1.759941669638745154e-01
2.100801771753085578e+00,-2.140172000666935165e-02,-2.940920319128449006e-03,2.963863103605871796e+00,1.966175734835609035e+00,9.364422658222625040e-02
2.500608474523769775e+00,-4.545233245242083497e-02,-2.355162615999416981e-02,3.164763030549037737e+00,2.008999269431659407e+00,1.944070731166018876e-02
2.800109479431607262e+00,-3.363406921382550846e-02,5.995518955399629923e-02,3.368425384097647246e+00,2.036623535486095093e+00,1.557327543708260653e-01
3.099841793056008044e+00,-9.234684786155071545e-03,8.703268942799535779e-02,3.571286048959895432e+00,2.028606648622481856e+00,8.981512694178486744e-02
3.400523595241181418e+00,1.977522227053942622e-02,3.629980369828583742e-02,3.773061069120386080e+00,2.017750201604906479e+00,2.480094335365718577e-02
3.804236687084828539e+00,9.254138138016933246e-03,2.575694607397219227e-02,3.955581131345132562e+00,1.825200622247464821e+00,2.369934861335372747e-02
4.208879028942744682e+00,3.104756268293477200e-02,1.187210807101618526e-02,4.133930176926650546e+00,1.783490455815179843e+00,2.074007508242451392e-01
4.709825766286986237e+00,4.756960506506662315e-03,-4.522491265492617485e-02,4.303800575742998014e+00,1.698703988163474676e+00,1.657096942022580066e-01
5.107463362972724852e+00,-4.643079432851944868e-03,-8.394280676917920125e-02,4.462559723473089157e+00,1.587591477300911436e+00,2.869792136185603804e-01
5.507665137626903018e+00,-4.879270362891451052e-02,-1.330073773325894937e-01,4.609760451833352590e+00,1.472007283602634331e+00,1.453030705616193963e-01
6.010132763980290171e+00,-1.112394806492602306e-01,-1.873526197829080697e-01,4.756639578679529912e+00,1.468791268461773214e+00,1.027189275396532585e-03
6.510979919827432738e+00,-2.024365112191777172e-01,-1.462030613332023221e-01,4.915563535208176127e+00,1.589239565286462152e+00,-1.797544207751334000e-01
7.117757842127488743e+00,-2.405962200722324695e-01,-2.641786806801432741e-02,5.098926342328865324e+00,1.833628071206891974e+00,-2.522201535590385957e-01
7.723296100633274541e+00,-2.377214953273626141e-01,1.647995687185661862e-03,5.306506035929458243e+00,2.075796936005929183e+00,-3.580661765639259198e-01
8.320823402808334990e+00,-2.619548165459581468e-01,4.372729035318846658e-02,5.536362794622178285e+00,2.298567586927200423e+00,-2.705901189755772762e-01
8.823646123155945986e+00,-2.311110624937856850e-01,6.244457748076552572e-02,5.764522281219664812e+00,2.281594865974865272e+00,1.663414131274705832e-01
9.344573017761227618e+00,-2.300789688600131111e-01,3.859948053271389234e-02,5.962189504209146840e+00,1.976672229894820276e+00,2.785398730761899366e-01
9.858724052595924547e+00,-2.388443808857782513e-01,-1.056247329154036407e-02,6.112655845206734107e+00,1.504663409975872668e+00,5.398775159437564364e-01
1.040535123317095234e+01,-2.652127963806020783e-01,-4.772167726564324752e-02,6.158684185881769579e+00,4.602834067503547288e-01,6.709337864399581575e-01
1.085200588826444168e+01,-2.407194321053290342e-01,8.568069458485405576e-02,6.162940048690566108e+00,4.255862808796528896e-02,7.091357967075857527e-01
1.132989430627521088e+01,-2.211928005194413460e-01,-9.943950702542059261e-02,6.043059772780317473e+00,-1.198802759102486348e+00,6.930127343376668581e-01
1.170107171409091507e+01,-3.056929294768471750e-01,-1.790412440757123136e-01,5.876081297927139957e+00,-1.669784748531775165e+00,7.552228630716507629e-01
1.224569447844623227e+01,-3.687495430112108785e-01,-7.082579855563375659e-02,5.705118802535310785e+00,-1.709624953918291723e+00,6.942725634555622083e-01
1.278675485432390602e+01,-3.487192356744491240e-01,1.315246486283987437e-01,5.550391815418834085e+00,-1.547269871164766997e+00,2.822567687669026992e-01
1.338066328939232896e+01,-2.225006131485025851e-01,-6.102592890036258488e+00,5.432937169238625685e+00,-1.174546461802083996e+00,3.319282106859718778e-02
1.387053436608991852e+01,-1.769504726140140316e-01,1.269552944529039884e-01,5.323274601743611889e+00,-1.096625674950137963e+00,-1.336856770802113403e-01
1.447319338699794500e+01,-1.011532984055204254e-01,1.162390827191694953e-01,5.218197155928491426e+00,-1.050774458151204627e+00,1.274290306746317103e-01
1.497625629400159220e+01,-4.385419767218252940e-02,7.252393289651282160e-02,5.115036419162852788e+00,-1.031607367656386387e+00,1.858689679504525738e-01
1.547789240501446706e+01,-2.509891180970226163e-02,-7.367701421536754225e-03,5.008487209249565808e+00,-1.065492099132869797e+00,2.030982201555004696e-01
1.598164985414021189e+01,-4.051979866601576608e-02,2.000104031578686659e-03,4.902509635727876791e+00,-1.059775735216890169e+00,3.038039457680175581e-01
1.638645400294494081e+01,-1.038639592965104330e-02,2.626921416265526332e-02,4.799071340525050466e+00,-1.034382952028263247e+00,3.067328163134995789e-01
1.689241370334719861e+01,-7.452585573033305121e-03,-4.813942589246122949e-02,4.703925374420444783e+00,-9.514596610460568371e-01,1.629820358140222220e-02
1.739261080199719700e+01,-3.958101166334421217e-02,-1.335130629612546471e-01,4.628902952024588124e+00,-7.502242239585665828e-01,-2.314005976195280534e-01
1.789586795408519393e+01,-1.271516310250005721e-01,-1.471352233187017688e-01,4.586154619200862648e+00,-4.274833282372547671e-01,-4.463609697059716108e-01
1.831306495040463744e+01,-1.860602245764731433e-01,6.117523060633487830e+00,4.590173783241459304e+00,4.019164040596656662e-02,-5.479821826475137492e-01
1.903276133359225852e+01,-2.097738723550661155e-01,1.340889735099404234e-02,4.644989410921191997e+00,5.481562767973269246e-01,-6.212393838515832822e-01
1.954894168021016654e+01,-2.371956612811143283e-01,4.058124617998570827e-02,4.768483521206050568e+00,1.234941102848585714e+00,-8.567654873315246888e-01
2.016984176154322839e+01,-1.403460831772348483e-01,1.796912926378047004e-01,4.959103765761286198e+00,1.906202445552356295e+00,-6.203091141496966943e-01
2.067967440034563964e+01,-8.643701786191468339e-02,1.964255518051651883e-01,5.188089047882233018e+00,2.289852821209468203e+00,-6.314217529123123951e-01
2.127579355702151176e+01,-1.036997621670426514e-02,7.951022447505939894e-02,5.411960236183620765e+00,2.238711883013877468e+00,-1.027923950951052656e-01
2.177471322665310893e+01,-3.666958794216167161e-02,-7.080387748836214357e-02,5.587805171877632482e+00,1.758449356940117170e+00,5.344239297888049300e-01
2.230697770199065388e+01,-9.285698982878157204e-02,-1.754326924888971462e-03,5.700805128406090994e+00,1.129999565284585117e+00,6.693726341977950245e-01
2.286358474477169977e+01,-6.730741389323022239e-02,3.804690218233819365e-03,5.761655320042351924e+00,6.085019163626093075e-01,7.005859019764389961e-01
2.340063514509058251e+01,-1.006847053670986564e-01,-2.610852817713116281e-02,5.779129487637326257e+00,1.747416759497433247e-01,6.391042992882114415e-01
2.386952417839356499e+01,-1.628412689774385025e-01,-1.838156319763899482e-01,5.680492110215018542e+00,-9.863737742230771488e-01,7.018721827064894336e-01
2.435983180316131680e+01,-2.679401345176448124e-01,-2.267133050990766119e-01,5.564415326952324214e+00,-1.160767832626943274e+00,7.152870592338633760e-01
2.499912528039386572e+01,-3.480699744511059901e-01,-9.329453893712269519e-02,5.465192654263707261e+00,-9.922267268861695300e-01,3.133668592121361396e-01
2.572276262602530750e+01,-3.197897812653261451e-01,1.009904697634729231e-01,5.410214771363428987e+00,-5.497788290027827429e-01,-3.897723261914638471e-01
2.641911379290096207e+01,-2.396659837945361859e-01,2.446668274750622984e-01,5.406439748784426236e+00,-3.775022579002751399e-02,-6.222508320273880678e-01
2.702979297151528826e+01,-1.228125858543808735e-01,2.028155961992417211e-01,5.448778610427414293e+00,4.233886164298805710e-01,-4.696448164048560581e-01
2.753480330346351579e+01,-7.341565677472514095e-02,7.190687323503652806e-02,5.507801194571238845e+00,5.902258414382455243e-01,-3.630291160104230919e-01
2.802989125521963842e+01,-5.542502382481986206e-02,-1.972298326141519453e-02,5.576499963287710138e+00,6.869876871647129235e-01,-2.537033398908420390e-01
2.864255015890806177e+01,-8.955780560450936345e-02,-1.615563683767931025e-01,5.659114324885551106e+00,8.261436159784096844e-01,-2.574540703066863778e-01
2.916381991738096602e+01,-2.181516361105784174e-01,-1.851885819719805149e-01,5.769324704247608793e+00,1.102103793620576866e+00,-3.103970495931042128e-01
2.984205256633453018e+01,-2.211979747532173690e-01,1.346791651355010444e-01,5.938864077976854006e+00,1.695393737292452130e+00,-1.552661555504779578e-01
3.053141603743909727e+01,-8.245957930052230656e-02,1.980097044777568982e-01,6.101998154421597320e+00,1.631340764447433145e+00,-5.168551458212660155e-01
3.116295875911669810e+01,-4.770867388224604710e-02,1.270461531771451824e-01,6.290672456288855408e+00,1.886743018672580874e+00,-2.968593703942881690e-01
3.179167781325959297e+01,3.626223042112362849e-02,1.159198891058657033e-01,6.461132587035042008e+00,1.704601307461866000e+00,2.485931038996235243e-01
3.249102736758761267e+01,6.767615420729976294e-02,-5.302806431123041619e-02,6.597632022144390262e+00,1.364994351093482550e+00,2.833132772443802683e-01
3.318451479367320189e+01,-4.165210512479881194e-02,6.081701166020692106e+00,6.687719075553834713e+00,9.008705340944445084e-01,3.799393493248480191e-01
3.379836186294267719e+01,-1.241725358077247349e-01,-7.893823676566169567e-02,6.754780905417401726e+00,6.706182986356701292e-01,4.078543064558468045e-01
3.449901853681071628e+01,-1.286071023810638203e-01,3.152081945605411661e-02,6.817785558374340305e+00,6.300465295693857826e-01,2.837527643492375184e-01
3.510127927645644519e+01,-9.261507558772720528e-02,6.899310485392584624e-02,6.872627104852965019e+00,5.484154647862471421e-01,2.167149497758802112e-01
3.581820424900683264e+01,-7.231434867566607916e-02,3.000646044666055445e-02,6.913142732660601197e+00,4.051562780763617866e-01,2.078300168239032575e-01
3.651371795014690491e+01,-9.322670100121185910e-02,-3.969642578095244900e-02,6.903107424107486345e+00,-1.003530855311485226e-01,3.160314476170399400e-01
3.721197944621069809e+01,-1.187833841748708319e-01,-7.180331377290083417e-02,6.872523447913644112e+00,-3.058397619384223276e-01,4.385232761686670422e-01
3.783104381260817206e+01,-1.420905059280642424e-01,-6.551695341786123450e-03,6.834977643309391837e+00,-3.754580460425227528e-01,2.867733838200148822e-01
3.854328997778979016e+01,-1.451152416483581231e-01,-1.430747809205490384e-02,6.785425886971382603e+00,-4.955175633800923407e-01,2.478148664015780989e-01
3.913572391394387751e+01,-1.901305824702733960e-01,2.993774013014416369e-02,6.712394033571301044e+00,-7.303185340008155890e-01,3.781069128235077792e-01
3.976670372125435193e+01,-1.341777086046574419e-01,-2.301189309307195563e-01,6.620869027488228475e+00,-9.152500608307256869e-01,5.826611603867797307e-01
4.037771664763351254e+01,-1.723389085832219281e-01,1.618845971874177669e-02,6.461818322340453058e+00,-1.590507051477754175e+00,5.803279058860526529e-01
4.097247178745371343e+01,-1.321026978352839720e-01,5.836892827963161001e-02,6.296998920628190888e+00,-1.648194017122621702e+00,4.172199085681436159e-01
4.156637763317573331e+01,-1.092279603760020062e-01,-5.278299309491028130e-02,6.121808622358209995e+00,-1.751902982699808931e+00,3.226822614028574399e-01
4.217442843227447469e+01,-1.661184244351529837e-01,-2.077339226942181635e-02,5.953570029514611228e+00,-1.682385928435987665e+00,1.770930773889362042e-01
4.277815260135731279e+01,-1.110124644737022215e-01,4.381758090198829836e-02,5.802178664353067283e+00,-1.513913651615439449e+00,1.873072628286401864e-01
4.337586649264711269e+01,-1.129379678034544421e-01,-1.194863130469646373e-03,5.669638317035824215e+00,-1.325403473172430679e+00,-1.434789101409174039e-01
4.387481978017920881e+01,-1.156591005323021337e-01,-7.688977494295462685e-03,5.557078132393449721e+00,-1.125601846423744945e+00,-3.356888490344531184e-02
4.437523881964430927e+01,-1.235623789652110782e-01,-1.515712831155665782e-02,5.463198648031616145e+00,-9.387948436183357614e-01,-9.813685135497324241e-03
4.487574912458488541e+01,-1.348144586082017093e-01,2.767646266775966243e-02,5.385897375635987139e+00,-7.730127239562900598e-01,3.585971048701567382e-02
4.547572419051954995e+01,-9.388063835634644083e-02,3.016019305838735232e-02,5.325232593554324545e+00,-6.066478208166259378e-01,3.320791484069517824e-02
4.597557536098809550e+01,-9.979980156220338849e-02,-2.480106554081809578e-02,5.282150790327295731e+00,-4.308180322702881426e-01,-9.897762297030671119e-02
4.647558266445421538e+01,-1.246466457280712842e-01,-5.739370108478183616e-03,5.254843177813874888e+00,-2.730761251342084250e-01,5.918485648263195967e-03
4.697568445004974080e+01,-1.124857348849934713e-01,1.990130522242841010e-02,5.238506903443555629e+00,-1.633627437031925922e-01,1.184507592343914673e-01
4.747638091230534485e+01,-1.069295564150761352e-01,-4.676051595882645823e-02,5.232626690942839609e+00,-5.880212500716019974e-02,6.060285466647909874e-03
4.797660830689908096e+01,-1.435340083335471251e-01,-8.831693314482760848e-02,5.231992637981531580e+00,-6.340529613080292393e-03,-9.511239036509154532e-02
4.857541982810806047e+01,-1.817350458005725922e-01,3.309102899115472229e-02,5.249458589493736227e+00,1.746595151220464714e-01,-1.660397517685474264e-02
4.917595014056569624e+01,-1.206484211853250804e-01,1.019178198196638852e-01,5.289046962977755229e+00,3.958837348401900158e-01,4.079774174151282184e-02
4.967638071133480082e+01,-8.366097784707299256e-02,-1.983658780932088389e-02,5.339908960450403974e+00,5.086199747264874560e-01,-1.022601817786115419e-01
5.017650111495896681e+01,-1.341253978354292886e-01,-1.088708866738830883e-01,5.394462856129083939e+00,5.455389567867996448e-01,-8.677231245406540061e-02
