-5.420504513553158432e+00,2.920393000842160802e-01,1.064091545225770707e-01,0.000000000000000000e+00,0.000000000000000000e+00,0.000000000000000000e+00
-5.400942592756728722e+00,2.941287597497533879e-01,2.720542991843988845e-01,1.743082596778972315e-01,1.743082596778972260e+00,-1.548605126736960803e-02
-5.326595091444795038e+00,3.182373097511500548e-01,-2.524665417355782815e-02,8.391902665114586712e-01,6.648820068335614231e+00,-4.475587443601392046e-01
-5.169886779495615592e+00,2.882941338339111148e-01,-2.572992312413271421e-01,1.489938507266809875e+00,6.507482407553511372e+00,-5.951096742344903490e-01
-5.000848676048690322e+00,2.325230966087588336e-01,-1.897921132143778888e-01,1.654968370157775759e+00,1.650298628909658838e+00,1.917325193688674823e-01
-4.810445142009236896e+00,2.192438603515416418e-01,-1.780837066493894116e-02,1.831612820959089394e+00,1.766444508013136350e+00,2.830227374510040361e-01
-4.613056866630514286e+00,2.256164261876761334e-01,-7.239382184338231940e-02,2.018038772328982322e+00,1.864259513698929283e+00,1.758873120769220699e-01
-4.422311492143172096e+00,1.910961921487873971e-01,2.085835168737532400e-02,2.212615052797145321e+00,1.945762804681629987e+00,6.266662404910249007e-02
-4.174468588401142988e+00,2.347659816810159228e-01,9.472924937661650335e-02,2.390793455603225759e+00,1.781784028060804381e+00,1.477679390843800178e-01
-3.903101834946836490e+00,2.404281839561253908e-01,2.536214345094437578e-02,2.575944747065965768e+00,1.851512914627400086e+00,-9.108822620444836926e-02
-3.638646359066074254e+00,2.483584964593938404e-01,-1.935079293385398580e-02,2.767245530122310893e+00,1.913007830563451250e+00,-6.763120286942866932e-02
-3.345641838224858500e+00,2.296395443435379768e-01,-1.955535525818826934e-02,2.963863103605871796e+00,1.966175734835609035e+00,-3.426869992476381382e-03
-3.014721393454134368e+00,2.361558665857057537e-01,6.373496971206329097e-03,3.164763030549037737e+00,2.008999269431659407e+00,1.346091355455635574e-01
-2.674942620233893287e+00,2.339143016604502412e-01,3.229754745212379263e-02,3.368425384097647246e+00,2.036623535486095093e+00,1.512686145503339408e-01
-2.320835259229430569e+00,2.585744826630858584e-01,1.539323662657659519e-01,3.571286048959895432e+00,2.028606648622481856e+00,2.302249700575023927e-01
-1.969503543482504782e+00,3.433701014794129369e-01,2.536430534413733895e-01,3.773061069120386080e+00,2.017750201604906479e+00,2.241211681955539714e-01
-1.596703739979092873e+00,4.462882942138831632e-01,2.889299829351750781e-01,3.970564777466321527e+00,1.975037083459354470e+00,1.144788501385111262e-01
-1.174543408073946749e+00,5.796702971809359894e-01,3.144249259777977534e-01,4.159308026765247135e+00,1.887432492989256083e+00,1.378301768097855151e-01
-7.836176435514192740e-01,7.107148115028245616e-01,4.444697511193539397e-01,4.336497665419436487e+00,1.771896386541893520e+00,2.623631430163773648e-01
-3.772436041514692917e-01,9.593863056996870808e-01,5.591350198623408208e-01,4.501546456191924506e+00,1.650487907724880188e+00,3.792848620695963846e-01
2.673283766599138245e-02,1.217787746525207160e+00,5.631527217229398419e-01,4.665570979165519105e+00,1.640245229735945998e+00,9.712998481851167765e-02
4.126404675870796179e-01,1.458079769623410016e+00,5.438081500239854149e-01,4.840836478203980775e+00,1.752654990384616696e+00,-4.232589852747770109e-02
8.193943495120686871e-01,1.697045141151844128e+00,3.955485157075750990e-01,5.039653944153545950e+00,1.988174659495651753e+00,-2.393002171222173013e-01
1.298006458965515808e+00,1.827769506153356094e+00,1.505459315924637387e-01,5.261735554681880700e+00,2.220816105283347497e+00,-4.342257497456362136e-01
1.858849685095590676e+00,1.854723931518057034e+00,-3.038213398859076694e-02,5.505091743422044104e+00,2.433561887401634038e+00,-3.026955006010012550e-01
2.456852340081800090e+00,1.792550458057591944e+00,1.010971846478165431e-02,5.745713427574230536e+00,2.406216841521864325e+00,-1.405650732050227891e-01
3.068789203890700090e+00,1.866956496164157375e+00,2.418230687460270201e-01,5.954784716899396813e+00,2.090712893251662763e+00,2.476150080452607927e-01
3.639943176759415255e+00,2.084359591459204353e+00,5.844990099691768082e-01,6.115588765472197430e+00,1.608040485728006175e+00,3.989743308823144319e-01
4.036241310056420062e+00,2.507039926504015526e+00,1.096944207774900315e+00,6.208700846837365894e+00,9.311208136516846423e-01,6.421495866823491161e-01
4.159310941468062239e+00,3.097124780819761725e+00,1.575129146325573437e+00,6.244960967386956163e+00,3.626012054959026898e-01,6.543501635064229438e-01
4.030936893943080968e+00,3.731273449709687107e+00,2.048548178456925051e+00,6.239562664267800152e+00,-5.398303119156011576e-02,6.291107776987705513e-01
3.604177504580891700e+00,4.169314543777224991e+00,2.651655623805970308e+00,6.110227412866621854e+00,-1.293352514011782972e+00,7.499478610129692857e-01
3.002537487044496967e+00,4.279726323627448537e+00,3.113359806861264456e+00,5.928266226284313767e+00,-1.819611865823080876e+00,7.608834503266010962e-01
2.385888758896900441e+00,4.203719445000267285e+00,-3.004742101736192605e+00,5.748571584131268786e+00,-1.796946421530449811e+00,5.298710912763533454e-01
1.786536274740239794e+00,4.112269196001988369e+00,-2.968306689264174292e+00,5.609175822898189168e+00,-1.393957612330796181e+00,1.523936614300197001e-01
1.251274089437269588e+00,4.005114754701002866e+00,-2.918438074750436595e+00,5.494069671963383250e+00,-1.151061509348059175e+00,3.063487135425802671e-02
7.452816685305655442e-01,3.875973022861360473e+00,-2.897024062311526649e+00,5.382385050350253053e+00,-1.116846216131301972e+00,-1.731744175163204766e-02
2.464890343971002928e-01,3.754356232283170502e+00,-2.845214558887942502e+00,5.271635976422187397e+00,-1.107490739280656555e+00,2.587267198956845829e-02
-2.349645955309380141e-01,3.576633072441103955e+00,-2.715471878888116475e+00,5.158971222787615218e+00,-1.126647536345721790e+00,2.403034381318725488e-01
-6.817462016369135736e-01,3.332998528809631100e+00,-2.598376125741771681e+00,5.043912133147305354e+00,-1.150590896403098640e+00,2.597452397251021616e-01
-1.112015733002743811e+00,3.047060507583868816e+00,-2.449325597540414456e+00,4.930886448463525973e+00,-1.130256846837793816e+00,2.600654447426978266e-01
-1.480986891779401571e+00,2.670304445993102238e+00,-2.419878046963746421e+00,4.825793680746677694e+00,-1.050927677168482788e+00,2.108067842075457832e-01
-1.869878263608874658e+00,2.380061119788460466e+00,-2.585383160839026306e+00,4.740600453836540495e+00,-8.519322691013719862e-01,-2.697460640075884375e-01
-2.278856488997245577e+00,2.174283595708516703e+00,-2.906865200723009579e+00,4.687581421931843018e+00,-5.301903190469747784e-01,-4.297545519498731093e-01
-2.759874160420060729e+00,2.167231459762894552e+00,3.052473429836164875e+00,4.681342688772255123e+00,-6.238733159587894761e-02,-5.745438744121802443e-01
-3.243398295837975454e+00,2.260471107571959237e+00,2.760847746371496658e+00,4.726014519916513557e+00,4.467183114425843371e-01,-5.157325115133483129e-01
-3.622705578028752704e+00,2.512602790664401287e+00,2.326657411124489983e+00,4.839568962229491511e+00,1.135544423129779545e+00,-7.227991363584054252e-01
-3.887070257918444849e+00,2.943336507216843589e+00,1.905425126836212790e+00,5.020532651199800966e+00,1.809636889703094553e+00,-6.479188472928397724e-01
-3.950282528973763085e+00,3.454714541815955720e+00,1.655289704400723982e+00,5.199124692151690930e+00,1.785920409518899632e+00,-7.379096526694024494e-01
-3.978549428923955134e+00,4.023437409642967921e+00,1.727391683302794023e+00,5.414884381765721955e+00,2.157596896140310250e+00,-1.323299488010992730e-01
-4.131391566321346964e+00,4.601786995823680115e+00,2.071160378545801262e+00,5.583399727185291539e+00,1.685153454195695844e+00,3.959504492004148890e-01
-4.521665803579532295e+00,5.016745609509581705e+00,2.577540631197658527e+00,5.689847106913675567e+00,1.064473797283840284e+00,7.152168358189732178e-01
-5.092763826205027655e+00,5.209959428361706557e+00,3.038582172145722016e+00,5.744909559644793440e+00,5.506245273111787242e-01,6.845315387532276974e-01
-5.673115149676358548e+00,5.135778284038205577e+00,-2.764093135782398125e+00,5.757342219829114427e+00,1.243266018432098718e-01,7.361698028689426243e-01
-6.138093593234279943e+00,4.795469217560736297e+00,-2.267275385619398342e+00,5.654385358415301432e+00,-1.029568614138129945e+00,7.135063034626953904e-01
-6.359914455623541407e+00,4.314530225367075644e+00,-1.913163728826762222e+00,5.534682107078249480e+00,-1.197032513370519524e+00,7.164913646922821400e-01
-6.487518943302229779e+00,3.815046507512184437e+00,-1.936812996764704753e+00,5.432492945321451217e+00,-1.021891617567982635e+00,2.349743701549341368e-01
-6.728660807098177266e+00,3.352468526256280335e+00,-2.216164353663524267e+00,5.375172219349233060e+00,-5.732072597221815613e-01,-3.830816814845831586e-01
-7.130223164717598650e+00,2.961432262766239720e+00,-2.589476529925307080e+00,5.369639063525625922e+00,-5.533155823607138757e-02,-5.503928540141779235e-01
-7.644530032066377601e+00,2.788274243910711547e+00,-2.925384703899314598e+00,5.410763612101057163e+00,4.112454857543124120e-01,-6.346329552868223978e-01
-8.199420214959060260e+00,2.726592644678214938e+00,-3.040733000074482106e+00,5.469073464467344436e+00,5.830985236628727364e-01,-2.915739243664682845e-01
-8.754993728151115207e+00,2.675891925525617498e+00,3.087650972869502741e+00,5.537518051885070847e+00,6.844458741772641019e-01,-1.825578648969466145e-01
-9.291745180464609177e+00,2.785571704196353249e+00,2.928436484159359754e+00,5.620293469428068178e+00,8.277541754299733157e-01,-3.264058740185882823e-01
-9.881474075565677140e+00,2.919712096670699086e+00,2.807071228467094670e+00,5.731037007695341856e+00,1.107435382672736779e+00,-1.369658721797827328e-01
-1.044761975148967004e+01,3.187335941187352528e+00,2.473390006725853407e+00,5.901439101404803544e+00,1.704020937094616883e+00,-3.835706934780825361e-01
-1.081605660608349417e+01,3.657408779363472195e+00,2.274806308721545545e+00,6.065723875597462289e+00,1.642847741926587446e+00,-5.828562605026935683e-01
-1.122347832902614861e+01,4.101006661114394269e+00,2.311800054253870140e+00,6.255796548226085996e+00,1.900726726286237067e+00,-9.022445414876888517e-03
-1.166747963958095546e+01,4.587995127804084028e+00,2.431019369984807721e+00,6.427863971738129401e+00,1.720674235120434048e+00,7.541782714814136701e-02
-1.220135723291962648e+01,4.942496859573754620e+00,2.721973628067643869e+00,6.566142656489717844e+00,1.382786847515884432e+00,3.706825037115792920e-01
-1.280668428732407982e+01,5.096212175804722300e+00,2.989027079786482410e+00,6.658145928233725641e+00,9.200327174400779739e-01,4.641978067063000646e-01
-1.343020889348643365e+01,5.131445604564377483e+00,-3.083359929683115119e+00,6.727228086071599833e+00,6.908215783787419184e-01,3.036223317941656452e-01
-1.410733752637325189e+01,5.020385865180472251e+00,-2.929924025855597414e+00,6.792326562398873335e+00,6.509847632727350231e-01,2.487048713959859325e-01
-1.477135728122347658e+01,4.843249580884330108e+00,-2.761340063248758803e+00,6.849307139870553840e+00,5.698057747168050469e-01,1.739714574546174508e-01
-1.534107691125297990e+01,4.527253278182366891e+00,-2.580818943118167397e+00,6.891981095221764164e+00,4.267395535121032424e-01,2.542385720041021591e-01
-1.590208597704711480e+01,4.133120426272616221e+00,-2.386797404558561819e+00,6.910751529616157462e+00,1.877043439439329831e-01,1.953459596516851915e-01
-1.632792469963978021e+01,3.599030532045428110e+00,-2.128289093765900475e+00,6.895684999277992056e+00,-1.506653033816540699e-01,3.870230951757256954e-01
-1.662150890139031389e+01,2.979204688167310433e+00,-1.913813707336968761e+00,6.859239212770940952e+00,-3.644578650705110334e-01,3.534730005870849734e-01
-1.678002546631319447e+01,2.333122167859072782e+00,-1.707535182649849048e+00,6.810434857025797761e+00,-4.880435574514319086e-01,3.246102395852725198e-01
-1.680130051165517102e+01,1.672555910140320901e+00,-1.394014939105728823e+00,6.737825574458750744e+00,-7.260928256704701766e-01,3.515497738176739939e-01
-1.655033390356500078e+01,1.047388311977777375e+00,-9.738353900796785645e-01,6.646426566716535866e+00,-9.139900774221487723e-01,5.153427585360970120e-01
-1.607489732820081230e+01,6.038201909139957468e-01,-5.982818988870360899e-01,6.483096911514312666e+00,-1.633296552022232007e+00,5.925832441691597507e-01
-1.549410131724963868e+01,3.274416754580756206e-01,-2.887678160000856087e-01,6.317974371742160145e+00,-1.651225397721525212e+00,4.653791260971964494e-01
-1.487543863204057715e+01,2.474953540965715848e-01,-9.230220271085629036e-02,6.142301494707138154e+00,-1.756728770350219904e+00,3.924356998032412225e-01
-1.428497633393073585e+01,2.155187456637255583e-01,-7.676567383911260013e-03,5.967303987992054637e+00,-1.749975067150835173e+00,1.449349655412787430e-01
-1.367696888077916562e+01,2.382950395688394618e-01,2.786707930147215920e-02,5.804069063957030927e+00,-1.632349240350237096e+00,1.154029499922082230e-01
-1.309286528311279341e+01,2.487480009581572171e-01,1.057409214501420051e-02,5.658676010378780319e+00,-1.453930535782506084e+00,5.915868088262594623e-03
-1.255137231215805116e+01,2.501976450226154891e-01,1.202741155403080908e-02,5.545879986024310426e+00,-1.127960243544698926e+00,1.440187905636061867e-02
-1.204238899098452897e+01,2.613831209169207304e-01,2.751198026554602452e-02,5.451900227385281461e+00,-9.397975863902896521e-01,1.326705397582004370e-02
-1.151641875808355486e+01,2.786784529345258665e-01,-4.916441191493961006e-03,5.365513035040610390e+00,-8.638719234467107100e-01,-1.999892039503892854e-02
-1.094643907631138369e+01,2.559949041989676988e-01,5.460836694160763755e-03,5.295931681590338336e+00,-6.958135345027205432e-01,-5.348728923017596892e-02
-1.043706037759424632e+01,2.845727113753460102e-01,2.168282519414493556e-02,5.243114483499954126e+00,-5.281719809038420976e-01,7.494056218303288275e-02
-9.914266163797304188e+00,2.783788370384463473e-01,-2.365419111898658944e-02,5.207916686965619490e+00,-3.519779653433463551e-01,-7.839209372674471599e-02
-9.384001037888083374e+00,2.596587977036848849e-01,4.570368191432886557e-02,5.188447021509239754e+00,-1.946966545637973667e-01,2.981974632433094866e-02
-8.875176928313697644e+00,3.259021348549550057e-01,5.766440759321532494e-02,5.179828861053303868e+00,-8.618160455935885977e-02,9.268764477954351266e-02
-8.340245295302741724e+00,3.199131546875143006e-01,-3.131011114857501498e-02,5.181481731499435917e+00,1.652870446132048698e-02,-1.848984382442876162e-01
-7.837536039508269603e+00,2.934028626713689469e-01,-3.492487977316396930e-02,5.201511023143157608e+00,2.002929164372169168e-01,-1.983323632178844373e-02
-7.300645928926559058e+00,2.835905024520858353e-01,-7.596342733010551240e-02,5.243885878409047407e+00,4.237485526588979923e-01,5.847302394182979195e-03
-6.789116611167829163e+00,2.136077862433094776e-01,-7.486032272724818526e-02,5.297707320331066505e+00,5.382144192201909760e-01,-7.315798128513298360e-02
-6.250071625949068732e+00,2.047969278815467975e-01,-1.634385638624630613e-02,5.355346732415372735e+00,5.763941208430622964e-01,1.336319199466532437e-01
