9.994530935152347306e-02,-8.310510498488511671e-16,6.599477376131654971e-01,0.000000000000000000e+00,0.000000000000000000e+00,0.000000000000000000e+00
9.994530935152347306e-02,1.612255718828543155e-02,-1.830225141514634779e-01,1.743082596778972315e-01,1.743082596778972260e+00,-1.548605126736960803e-02
1.998971458752479280e-01,-2.150740471502804452e-02,-3.850711466693085838e-01,8.391902665114586712e-01,6.648820068335614231e+00,-4.725121046191602669e-01
2.998657237130151199e-01,-5.567430204326046655e-02,-2.143688640949024671e-01,9.960370569718404177e-01,1.568467904603817464e+00,1.210034349720270630e-01
4.998562354775962779e-01,-7.930881562452779532e-02,-1.114550700379031561e-01,1.636986453536698694e+00,6.409493965648582758e+00,-3.842867502161422810e-01
6.998993939564364108e-01,-9.953788968697219186e-02,-2.095351662768335510e-02,2.266373731056505747e+00,6.293872775198070535e+00,-2.447417779581384512e-01
8.999630062497914196e-01,-8.912886683893493645e-02,1.013201711211495770e-01,2.448359066994547639e+00,1.819853359380418922e+00,6.007293214519571212e-01
1.200079345225391947e+00,-4.802015319196727139e-02,1.142590146515703592e-01,2.634635590627389057e+00,1.862765236328414176e+00,3.408871475199893308e-01
1.500305936703167475e+00,-2.362206269167931028e-02,5.173088414292556503e-02,2.824636769483972021e+00,1.900011788565829640e+00,6.603793644736957735e-02
1.800596359876407870e+00,-1.844882508155259310e-02,-6.941904532932678500e-03,3.017815530970595628e+00,1.931787614866236069e+00,-7.551372791082062476e-03
2.100801771753085578e+00,-2.860365274628888510e-02,-5.351769004470317143e-02,3.213617585032924495e+00,1.958020540623288674e+00,2.359986676097332661e-02
2.500608474523769775e+00,-5.704685812140412177e-02,-4.837462246223594997e-02,3.411285999682711179e+00,1.976684146497866834e+00,9.160372662323459925e-02
2.800109479431607262e+00,-5.821272733484945949e-02,3.949832782295285838e-02,3.609574762475942222e+00,1.982887627932310437e+00,1.767638729355000271e-01
3.199922847731903719e+00,-2.550886855277053472e-02,7.419596967396879794e-02,3.805187701874567008e+00,1.956129393986247855e+00,1.675303253031072415e-01
3.601942739750826128e+00,2.191200353747362918e-03,3.806717584267035881e-02,3.998100752588650053e+00,1.929130507140830453e+00,4.455477880474158908e-02
4.006777410189618749e+00,5.297206927577785898e-03,1.461992373975645743e-02,4.185378291598135903e+00,1.872775390094858494e+00,4.539700135371180223e-02
4.410074253935741595e+00,9.794867073481389880e-03,9.263121141910857226e-03,4.362769853352938654e+00,1.773915617548027512e+00,1.742900274807697436e-01
4.908630461009248158e+00,1.494501277438376602e-03,-4.483033780880141261e-02,4.527708354951540670e+00,1.649385015986020164e+00,2.399157530587243126e-01
5.307108227620148000e+00,-1.817784589496268532e-02,-9.535505894163298635e-02,4.679819015478678956e+00,1.521106605271382861e+00,2.119989625720070103e-01
5.809298221255628114e+00,-7.286460885547380029e-02,-1.369403865421103816e-01,4.830416495638591101e+00,1.505974801599121449e+00,2.692753800899925012e-02
6.310497822040715299e+00,-1.297465923671141386e-01,-1.874397276480860297e-01,4.991949200980007717e+00,1.615327053414166159e+00,-1.455472592342246241e-01
6.914888929475865531e+00,-2.352108802321133674e-01,-8.007192897642123608e-02,5.176896025374471577e+00,1.849468243944638601e+00,-2.825363865564307075e-01
7.522614182232879365e+00,-2.344524556025254225e-01,3.664416568640999072e-03,5.385121637691006491e+00,2.082256123165349138e+00,-1.996114820958316827e-01
8.121655439107534846e+00,-2.484480666819987027e-01,5.310886608100321565e-02,5.614773567210458616e+00,2.296519295194521249e+00,-3.395751083397762771e-01
8.620926380268699063e+00,-2.300756334255266988e-01,9.039238500198679138e-02,5.841964599826121152e+00,2.271910326156625359e+00,-1.151523501698652023e-02
9.240188013052112126e+00,-1.995405900834709700e-01,9.010344086296584454e-03,6.037985791045897166e+00,1.960211912197760142e+00,2.354584194736825398e-01
9.755954865515594321e+00,-2.190915121844394520e-01,-6.589066105450491762e-02,6.186212740582380576e+00,1.482269495364834100e+00,4.702492318485962386e-01
1.017977679277946201e+01,-2.709020006643636513e-01,-4.028544772637432381e-02,6.267299193063762708e+00,8.108645248138213191e-01,6.306406628530538683e-01
1.074369713452919051e+01,-2.812959745638388687e-01,5.271378539432469701e-02,6.267649267267273672e+00,3.500742035109638550e-03,7.144575771379231277e-01
1.115128081000370486e+01,-2.159844974157711650e-01,1.413091959278229837e-01,6.210587963411391854e+00,-5.706130385588181753e-01,7.641031533781018625e-01
1.160237633210548225e+01,-2.573946298710623193e-01,-2.020046824277681452e-01,6.037215577878205508e+00,-1.733723855331863462e+00,6.753953351025605567e-01
1.213294082914847571e+01,-3.584026352865758436e-01,-1.532633415251876130e-01,5.848585723709319950e+00,-1.886298541688855579e+00,6.663506718179060817e-01
1.268314416903918485e+01,-3.750031178005424626e-01,8.826511091219702010e-02,5.685888441177695540e+00,-1.626972825316244098e+00,4.690737970219990283e-01
1.328346424445638263e+01,-2.448202106052804472e-01,2.006183348457395432e-01,5.542233175557438329e+00,-1.436552656202572109e+00,1.159128682366409591e-01
1.377138752402420785e+01,-1.819742219276396233e-01,1.192631789243514540e-01,5.423962897147580620e+00,-1.182702784098577098e+00,-1.638769225541144847e-01
1.437234749556555613e+01,-1.390109384658036462e-01,8.138115138143753313e-02,5.310131628555061489e+00,-1.138312685925191303e+00,7.251464421448809705e-02
1.487587555030010478e+01,-8.720119308502007061e-02,1.170525220903009256e-01,5.198173106563498180e+00,-1.119585219915633090e+00,2.644161662465376872e-01
1.537747123359516088e+01,-1.166743253767676784e-02,1.068329789487783010e-01,5.085154478370363940e+00,-1.130186281931342407e+00,2.492062779920315996e-01
1.577979492348992352e+01,2.845711880435980098e-02,5.284669241455564048e-02,4.970515069071521630e+00,-1.146394092988423097e+00,9.567500998430195081e-02
1.638645400294494081e+01,1.853133443611474501e-02,-1.024245638205982800e-01,4.858601067335820645e+00,-1.119140017357009853e+00,1.373075531671632543e-01
1.689241370334719861e+01,-5.482257262844267287e-02,-1.463905388762078985e-01,4.755231668083520269e+00,-1.033693992523003757e+00,1.651262223737296753e-01
1.739261080199719700e+01,-1.050086834690992232e-01,-8.573049134641275160e-02,4.672295092918107073e+00,-8.293657516541319552e-01,5.444041663858910363e-02
1.789586795408519393e+01,-1.242649320810347846e-01,-7.467738476767538103e-02,4.621990101192845479e+00,-5.030499172526159413e-01,-3.787967845698101965e-01
1.841749276155289294e+01,-1.758335900477890623e-01,6.195658143131475448e+00,4.618849917402140903e+00,-3.140183790704575983e-02,-6.409397159655663145e-01
1.893113055618962903e+01,-1.991737129307810106e-01,-8.798343271525466136e-02,4.666935370692094409e+00,4.808545328995350587e-01,-7.460568985444340218e-01
1.954894168021016654e+01,-2.202126274629347125e-01,3.100389088668586979e-02,4.784152864428443230e+00,1.172174937363488212e+00,-7.797459025901987140e-01
2.016984176154322839e+01,-1.700218597453910796e-01,1.997592886920855904e-01,4.968967460657796487e+00,1.848145962293532563e+00,-6.192838534901429215e-01
2.067967440034563964e+01,-8.755885771378491000e-02,2.545489762466792705e-01,5.151540970048245072e+00,1.825735093904485851e+00,-6.296151404658578699e-01
2.117885546945649722e+01,5.109919145185715106e-03,1.658439715026742700e-01,5.371359818478013359e+00,2.198188484297682876e+00,-1.005607386917025114e-01
2.177471322665310893e+01,-1.002709901151334349e-02,-1.206929375166589935e-01,5.543963652464624303e+00,1.726038339866109439e+00,4.263445273977434224e-01
2.230697770199065388e+01,-6.510990529623816858e-02,-7.901425915588333737e-02,5.654485032650551801e+00,1.105213801859274980e+00,6.692484896113403137e-01
2.286358474477169977e+01,-8.375716242339246997e-02,-2.233708031243830661e-02,5.713567706536090363e+00,5.908267388553856136e-01,7.034093026974410634e-01
2.340063514509058251e+01,-5.378154459738758442e-02,-1.548528245842550888e-02,5.729931984290477232e+00,1.636427775438686893e-01,7.279239491083875357e-01
2.386952417839356499e+01,-1.496039127071140395e-01,-2.453508800409331947e-01,5.630787681045109849e+00,-9.914430324536738226e-01,5.917380861787265856e-01
2.435983180316131680e+01,-2.808258461584171028e-01,-2.359826559063487039e-01,5.514751708833360411e+00,-1.160359722117494385e+00,7.815105872030886358e-01
2.499912528039386572e+01,-3.545803178793415222e-01,-9.057930815324599649e-02,5.416062402271784038e+00,-9.868930656157637316e-01,3.897954492006058813e-01
2.572276262602530750e+01,-3.178926825690541191e-01,1.181848373025471410e-01,5.362055851405761686e+00,-5.400655086602235144e-01,-4.113782514135399526e-01
2.641911379290096207e+01,-2.121187337969168418e-01,2.268686774728205791e-01,5.359636616857165414e+00,-2.419234548596271850e-02,-6.246186293125333133e-01
2.702979297151528826e+01,-1.252111167736372488e-01,1.703787382195618427e-01,5.403663719046791769e+00,4.402710218962635480e-01,-5.787588623589841053e-01
2.753480330346351579e+01,-7.024552242076034791e-02,4.349310883265156136e-02,5.464656868596396322e+00,6.099314954960455282e-01,-2.758696752107948069e-01
2.802989125521963842e+01,-7.993609107723403939e-02,-6.508279338992739582e-02,5.535560589437817924e+00,7.090372084142160247e-01,-2.556667977236085632e-01
2.864255015890806177e+01,-1.257698529038475399e-01,-1.100570944597403233e-01,5.620568801686613547e+00,8.500821224879562266e-01,-1.872812592197010684e-01
2.926501626518883015e+01,-1.854994113620664076e-01,-1.134564060653584505e-01,5.733319101866520384e+00,1.127503001799068372e+00,-3.089911188194868208e-01
2.993650385880439302e+01,-1.906320625089082399e-01,1.243791432053158452e-01,5.905504460355640362e+00,1.721853584891199773e+00,-3.923020164505484630e-01
3.063526784287979865e+01,-9.412211579174048492e-02,1.934664799566117033e-01,6.071353519260482834e+00,1.658490589048424724e+00,-4.916738533073570228e-01
3.116295875911669810e+01,-2.935736476749657015e-02,1.433438017512718154e-01,6.262777751693441530e+00,1.914242324329586964e+00,-1.217675744605332400e-01
3.189406259999566728e+01,2.220326294703742903e-02,4.183393879677232974e-02,6.435991766994713537e+00,1.732140153012720063e+00,1.943325108113683752e-01
3.258866542134675370e+01,1.171291785211609968e-02,-6.991045741335133457e-02,6.575221106404042004e+00,1.392293394093284675e+00,3.770289295904402094e-01
3.318451479367320189e+01,-3.184053529352764283e-02,6.177270479045589013e+00,6.667989182840871720e+00,9.276807643682971616e-01,4.527078986552185436e-01
3.389972746219481081e+01,-9.621337950198233235e-02,-6.682073662159382366e-02,6.737661232356214391e+00,6.967204951534267110e-01,3.175734087483261803e-01
3.459844254408405106e+01,-1.211511068456250784e-01,2.948106514165127479e-02,6.803186279730363495e+00,6.552504737414910352e-01,2.073131020724020002e-01
3.520360632859973293e+01,-6.962906143865674191e-02,7.272978845871858056e-02,6.860442173970917601e+00,5.725589424055410603e-01,2.424453188585805885e-01
3.591928882461417061e+01,-5.439473864874364711e-02,2.800678339485074275e-02,6.887285469791044612e+00,2.684329582012701110e-01,1.856212415725214393e-01
3.661189093215669743e+01,-7.621861652645284257e-02,-3.949052279474241089e-02,6.879719175334289893e+00,-7.566294456754718567e-02,3.582641609391779558e-01
3.731427547836689484e+01,-7.762173939871350181e-02,-8.727116104894472315e-02,6.851591194314904598e+00,-2.812798101938529527e-01,4.245224086082886594e-01
3.793438966272407953e+01,-1.516198644267438278e-01,-3.369183588075186364e-02,6.816465107903650456e+00,-3.512608641125414266e-01,2.326503438588748418e-01
3.864251329441812288e+01,-1.500693378113112653e-01,7.976033761494472074e-03,6.769276223293396733e+00,-4.718888461025372294e-01,3.567053688779415754e-01
3.923547093350735793e+01,-1.470233589570379418e-01,3.498606775465762375e-02,6.698532451085075223e+00,-7.074377220832150925e-01,3.744951639343767069e-01
3.976670372125435193e+01,-1.489476497592292781e-01,-2.167174272780403310e-01,6.538565541114249591e+00,-1.599669099708256326e+00,5.177809251482043962e-01
4.037771664763351254e+01,-1.654068622710080372e-01,5.078754619574687990e-02,6.382958150772326533e+00,-1.556073903419230575e+00,6.595814728321457432e-01
4.097247178745371343e+01,-1.377851821568396862e-01,6.851897524028680020e-02,6.222026334101013134e+00,-1.609318166713133991e+00,3.599661438208076047e-01
4.156637763317573331e+01,-1.001254745274077484e-01,-8.145860887605792244e-03,6.051084588233157646e+00,-1.709417458678554880e+00,3.521379085165948220e-01
4.207283035253108494e+01,-1.112289193678550614e-01,-4.576500374752929395e-02,5.881257268633263813e+00,-1.698273195998938334e+00,1.366332291932638165e-01
4.267816797290074504e+01,-1.354076860847550912e-01,-1.992676158873238693e-02,5.734722508144830755e+00,-1.465347604884330579e+00,7.326103302748036838e-02
4.327631286594188964e+01,-1.327694342541406169e-01,-7.942148956064151027e-03,5.607227666595469451e+00,-1.274948415493613041e+00,3.741226378331561492e-02
4.377487122247106299e+01,-1.444596819231588058e-01,-1.049679881469535100e-02,5.499832543648592420e+00,-1.073951229468770308e+00,-3.437551568873336433e-02
4.427510319669519134e+01,-1.483088839507347156e-01,3.148603945722323882e-02,5.411174070700154104e+00,-8.865847294843831605e-01,2.133980346053819879e-02
4.487574912458488541e+01,-1.136152422694325786e-01,9.993071219445186920e-03,5.339091954349895808e+00,-7.208211635025829622e-01,1.960445352014888315e-02
4.537575629574683234e+01,-1.342280575409539045e-01,-1.444302436175073576e-02,5.283592466921928299e+00,-5.549948742796750878e-01,-9.590608134865247214e-02
4.597557536098809550e+01,-1.249912588533069885e-01,5.726128298417984541e-02,5.245575830149548757e+00,-3.801663677237954175e-01,5.582255231619288882e-02
4.647558266445421538e+01,-7.689417653814710485e-02,2.325224525149154758e-02,5.223192617047089925e+00,-2.238321310245883211e-01,-3.990965844609102239e-03
4.697568445004974080e+01,-1.077238914001022313e-01,-4.575192875057264297e-02,5.211604807754304680e+00,-1.158780929278524496e-01,-1.115702382136069815e-01
4.747638091230534485e+01,-1.260495192395883202e-01,-3.356257172275482759e-02,5.210267234780261880e+00,-1.337572974042799956e-02,1.157207750797434737e-01
4.807644463089246756e+01,-1.320602731010383502e-01,-4.441848823570142962e-02,5.213945151954585633e+00,3.677917174323752647e-02,6.004375927904597560e-05
4.857541982810806047e+01,-1.692400822955708317e-01,1.206595562061359844e-02,5.235472351449128148e+00,2.152719949454251491e-01,-1.280206059395115059e-01
4.907578803039565685e+01,-1.313339825379225834e-01,5.184715174605680765e-02,5.278855710497697196e+00,4.338335904856904790e-01,5.976180851682948852e-02
4.957634562120769317e+01,-1.288271129638386969e-01,5.368833973968437090e-03,5.333235107503241146e+00,5.437939700554395017e-01,-6.202721122819360861e-02
5.007648650210893493e+01,-1.250581547993368237e-01,-5.039693961020618590e-03,5.391021401290998050e+00,5.778629378775690384e-01,3.447557827035259426e-02
