9.994530935152347306e-02,-1.710750692602869547e-15,1.019980984997467255e+00,0.000000000000000000e+00,0.000000000000000000e+00,0.000000000000000000e+00
9.994530935152347306e-02,2.459720500482543565e-02,1.397476306546805436e-01,1.743082596778972315e-01,1.743082596778972260e+00,-1.548605126736960803e-02
1.998971458752479280e-01,1.897064625013755723e-02,-5.721826062761559140e-03,8.391902665114586712e-01,6.648820068335614231e+00,-5.022756889828821070e-01
3.998525742856401388e-01,2.777100780176644523e-02,2.947349794036106113e-02,1.023448001280367059e+00,1.842577347689083878e+00,2.328651313505809579e-03
4.998562354775962779e-01,2.538535067200073034e-02,8.650671746662633166e-03,1.672030445875876570e+00,6.485824445955095108e+00,-6.400134910642735209e-01
5.998732885750205357e-01,3.089896585639249904e-02,-6.028940304147616114e-02,1.852204459578658202e+00,1.801740137027816324e+00,2.208841549521980141e-01
7.999303257807307554e-01,3.806619161862859722e-03,-1.344807975037310144e-01,1.818149753886201037e+00,-3.405470569245716561e-01,-3.121827667909486959e-01
9.999965399814167988e-01,-1.989834433078703502e-02,-1.163208922753153352e-01,1.995463769475408267e+00,1.773140155892072301e+00,3.251933872928309266e-01
1.200079345225391947e+00,-4.305356790358418062e-02,-3.882489812917928884e-02,2.182065057769489780e+00,1.866012882940815132e+00,3.143671940769107720e-01
1.400217418243194345e+00,-3.233812941871812979e-02,9.424764032944168979e-02,2.376884230149768129e+00,1.948191723802783493e+00,2.845729020513976248e-01
1.700500631847804867e+00,1.405037073924497639e-03,1.762483377456911318e-02,2.578876711201059546e+00,2.019924810512914171e+00,1.760949851164964886e-01
1.900683030048448519e+00,-1.819394489194649245e-02,-7.300179506665348261e-02,2.764304660312231654e+00,1.854279491111721079e+00,5.039419724787642940e-02
2.200818738814093845e+00,-3.935185899229498574e-02,4.127289098212704593e-02,2.955666091943237817e+00,1.913614316310061625e+00,1.316106423799882075e-01
2.500608474523769775e+00,5.866348724507504733e-05,5.508543347561994930e-02,3.151917461335731030e+00,1.962513693924932134e+00,1.739698906631478303e-01
2.899962745164746725e+00,-4.609206843452519874e-03,2.282489248170614660e-02,3.351524568780868130e+00,1.996071074451370997e+00,-8.838901997493253931e-04
3.199922847731903719e+00,1.906294718375684330e-02,-1.286896341203244698e-02,3.550904520303158840e+00,1.993799515222907104e+00,1.028246797676486135e-01
3.601942739750826128e+00,-1.838337952589354923e-02,-3.684742872103433098e-02,3.749750713744254949e+00,1.988461934410961085e+00,2.834421863119534341e-02
4.006777410189618749e+00,-6.694361476782083667e-03,7.607118300013165912e-02,3.944851581596496626e+00,1.951008678522416773e+00,2.847002580328901189e-01
4.410074253935741595e+00,4.386780901587169351e-02,3.770864354871700241e-02,4.131689406409796206e+00,1.868378248132995800e+00,2.081310009491942337e-01
4.809287000702371806e+00,2.182415632714072851e-02,-1.215672549704697736e-01,4.307440349230477139e+00,1.757509428206809332e+00,8.848991339354803087e-02
5.307108227620148000e+00,-7.711895116269276707e-02,-1.441992148665910412e-01,4.471484886914696588e+00,1.640445376842194491e+00,2.396754798861305547e-01
5.708742332474929349e+00,-8.742199773673471619e-02,-1.114414086064834386e-01,4.634906197801621275e+00,1.634213108869246867e+00,2.723187734474320498e-01
6.210446993592738885e+00,-1.537208393419069452e-01,-1.386209685325054952e-01,4.809935453775719516e+00,1.750292559740982412e+00,-1.436111984937941399e-01
6.813601942714915261e+00,-1.984415143472937071e-01,-8.298243259035265051e-02,5.008849311211640121e+00,1.989138574359206046e+00,-2.535173104933949317e-01
7.320547154698802572e+00,-2.585457038136498853e-01,-9.266316627914221449e-02,5.231325720407113522e+00,2.224764091954734013e+00,-3.673853728000985863e-01
7.922656054589874763e+00,-2.856928622997333966e-01,3.828611458904769560e-02,5.475341326290450006e+00,2.440156058833364838e+00,-2.090624033262244441e-01
8.520575340883279836e+00,-2.562373434230755254e-01,3.337097686527932400e-02,5.716853990042808142e+00,2.415126637523581365e+00,-1.050646515932870395e-01
9.030730433554559511e+00,-2.828641893686248965e-01,1.051120815981282375e-02,5.927015755383442830e+00,2.101617653406346875e+00,9.689615400224482755e-02
9.551314296661116643e+00,-2.737390201821939262e-01,2.909281567259514034e-02,6.089078921985324300e+00,1.620631666018814698e+00,4.643898954734168583e-01
1.007000346945779334e+01,-2.811875241664879010e-01,-3.699251345012499748e-02,6.183589308011534946e+00,9.451038602621064655e-01,6.155830838951893424e-01
1.051925225641702610e+01,-2.450294121472968711e-01,4.824931618641525866e-02,6.221359018144321240e+00,3.776971013278629385e-01,7.075359760084184435e-01
1.105624271010116999e+01,-2.463037571050812058e-01,3.561067416681318321e-02,6.176164655581100504e+00,-4.519436256322073575e-01,5.900790095003730640e-01
1.150814537326591136e+01,-2.576820942997300468e-01,-2.277759645728152371e-01,6.049274848550192374e+00,-1.268898070309081305e+00,7.710403139240187276e-01
1.191108051667761103e+01,-3.546574889367007377e-01,6.166830316322112537e+00,5.870124087544291491e+00,-1.791507610059008826e+00,7.393620177377926428e-01
1.246891596065468200e+01,-3.346476290713618074e-01,3.121855688909969118e-02,5.693540249797413466e+00,-1.765838377468780251e+00,5.653875730346787920e-01
1.308778562190141592e+01,-2.814578281052198538e-01,1.398440166235093152e-01,5.557494525873222457e+00,-1.360457239241910088e+00,3.141518355039508992e-02
1.367292207473376209e+01,-1.929149876614630332e-01,1.452306320067062728e-01,5.435305002384754225e+00,-1.221895234884682324e+00,-1.942783548272256078e-02
1.417085755992745000e+01,-1.383290644441866890e-01,1.033182942553509953e-01,5.327483191352669678e+00,-1.078218110320845469e+00,1.159894409431698817e-02
1.467475135091661187e+01,-8.993780688540981005e-02,9.767180782119355698e-02,5.220759665537521244e+00,-1.067235258151484345e+00,1.553912734834120013e-01
1.507656002939876139e+01,-4.145268319018437925e-02,1.346385575004567237e-01,5.112226668313421207e+00,-1.085329972241000362e+00,2.305926888695695454e-01
1.567904413482334469e+01,2.627294691477522620e-02,3.360299237932240501e-02,5.002476656514229347e+00,-1.097500117991918600e+00,1.957664649201325269e-01
1.618391400299154981e+01,1.553883616047108639e-02,-5.802688802266064982e-02,4.893678466822579232e+00,-1.087981896916501157e+00,1.486516196506866561e-01
1.658911381815443065e+01,-1.109399844867972260e-02,-1.028416832651015689e-01,4.792711682503798976e+00,-1.009667843187802561e+00,2.426620876354764200e-01
1.709337281515860596e+01,-6.300351206688908912e-02,-1.138932899180455927e-01,4.711562660634351474e+00,-8.114902186944750184e-01,7.350844364920919305e-02
1.759183752315920657e+01,-9.907793134907677546e-02,-8.399941155987367125e-02,4.662473791198296524e+00,-4.908886943605494935e-01,-1.813975670982683475e-01
1.810373291385591443e+01,-1.203049741909043568e-01,-8.953509400013892616e-02,4.660023280567823001e+00,-2.450510630473523577e-02,-5.534298501891916633e-01
1.862476868001821728e+01,-1.694458475451123547e-01,-1.480149583128067547e-01,4.708317706070327624e+00,4.829442550250462318e-01,-7.273278370167660656e-01
1.923744661138703194e+01,-2.131606230430698745e-01,-2.647553109206679522e-02,4.825309451444189435e+00,1.169917453738618107e+00,-6.732616826783711650e-01
1.986176074515222112e+01,-2.168812766096985811e-01,8.565646247091152077e-02,4.942155941844800893e+00,1.168464904006114580e+00,-7.701755461708136297e-01
2.047514830832113120e+01,-1.217563304078299463e-01,2.618349376732835854e-01,5.125056604297827612e+00,1.829006624530267189e+00,-5.650565650757283231e-01
2.098256118651708491e+01,-4.785395448344553077e-02,2.226521468859103958e-01,5.345434734141420563e+00,2.203781298435929514e+00,-4.468176671339356143e-01
2.157089094843233923e+01,5.073812391640209439e-03,-3.541236408411974068e-02,5.518801172243838593e+00,1.733664381024180301e+00,2.115726388478463005e-01
2.209069595153982135e+01,-3.430024129499298358e-02,-7.959736232768621633e-02,5.630260520936200663e+00,1.114593486923620702e+00,6.275572419454148454e-01
2.263924056246633043e+01,-1.009664131920749164e-01,-6.762254274949652810e-02,5.690429611594673531e+00,6.016909065847286797e-01,6.874488147967912077e-01
2.319297068972998233e+01,-1.220384761101112048e-01,3.373878000129693078e-02,5.708003045394115738e+00,1.757343379944220629e-01,7.657514796573893223e-01
2.368795026122292313e+01,-1.001202407384503001e-01,-3.188958489525983708e-02,5.667450198350156398e+00,-4.055284704395933915e-01,7.462251071211469799e-01
2.415513848520976836e+01,-1.872229524120747612e-01,-2.654297345434932787e-01,5.565702938266749555e+00,-1.017472600834068430e+00,6.711604005147835394e-01
2.467942704468855908e+01,-3.062839797501225592e-01,-2.207120551160641764e-01,5.447975152328548454e+00,-1.177277859382011016e+00,4.769474667307335713e-01
2.541626795657233728e+01,-3.417867862225523190e-01,4.999585109440074504e-02,5.393480433742608326e+00,-5.449471858594012730e-01,-6.204690443625934804e-02
2.612176725679935885e+01,-2.554859471072368216e-01,2.100889352352908190e-01,5.390307602422717892e+00,-3.172831319890434543e-02,-5.525617173187882258e-01
2.682456198197589359e+01,-1.222814704504469607e-01,2.602370557415105701e-01,5.433349757662523594e+00,4.304215523980570168e-01,-6.283407894978024766e-01
2.733501098443463917e+01,-3.468225738375010914e-02,1.106478901798140235e-01,5.493159594571133120e+00,5.980983690860952606e-01,-4.630134440114516137e-01
2.793061560561495682e+01,-2.747576942978128406e-02,6.237654995014153769e+00,5.562713306775911803e+00,6.955371220477868377e-01,-3.209821189336025671e-01
2.843415309214100262e+01,-8.324333543569607807e-02,-1.369415272364196134e-01,5.646234984078347452e+00,8.352167730243564847e-01,-2.019487819308831422e-01
2.895739785626030738e+01,-1.555328287426806233e-01,-1.929094004301972198e-01,5.726236633214936589e+00,8.000164913658913690e-01,-2.005614010219042287e-01
2.965397602235234942e+01,-2.447614770571551746e-01,-1.573200490633919202e-02,5.833424348278573923e+00,1.071877150636373344e+00,-3.082057371642562549e-01
3.032723266942879548e+01,-1.437679018296747491e-01,2.538658570395093683e-01,5.999602327698930537e+00,1.661779794203566141e+00,-4.062891732873595840e-01
3.095105061825186255e+01,-1.933405345170231132e-02,2.114043071455133926e-01,6.192040100511468026e+00,1.924377728125374887e+00,-3.399755206397789276e-01
3.158443320252069597e+01,6.632491084827431271e-02,7.272993179676312536e-02,6.366873678666180147e+00,1.748335781547121215e+00,-9.973062633124470805e-03
3.219589766055168667e+01,5.084994697938279018e-02,1.639061307232969611e-02,6.508251805526890088e+00,1.413781268607099406e+00,2.428775078832026979e-01
3.288338812499166863e+01,1.755872228546302358e-02,-1.433260784803338517e-01,6.603623483678734196e+00,9.537167815184410813e-01,4.557921622010054907e-01
3.349124386940752629e+01,-8.315717220792433195e-02,6.175086466209434022e+00,6.676282431729211986e+00,7.265894805047778959e-01,4.085587733518200593e-01
3.420065171121990488e+01,-1.097917950107760582e-01,3.083495397558255746e-03,6.745109475791252862e+00,6.882704406204087633e-01,3.091268844642011127e-01
3.489845372111248167e+01,-9.926538147765694153e-02,4.587357779414213965e-02,6.805917935090300297e+00,6.080845929904743485e-01,2.047370933883826127e-01
3.551184898399944956e+01,-5.988326526498388702e-02,8.937470251563883750e-02,6.852470876133942568e+00,4.655294104364227081e-01,2.266523399713722686e-01
3.621872811624896116e+01,-1.962950363202333598e-02,1.278111521200919753e-02,6.875127499842403012e+00,2.265662370846044382e-01,2.663712265061957685e-01
3.690900553800440775e+01,-6.923115647440289400e-02,-1.155589623403048272e-01,6.863914780184635411e+00,-1.121271965776760027e-01,3.292692724536672166e-01
3.752033844624784109e+01,-1.153148683221756204e-01,-8.436031059508786178e-02,6.832663060435835156e+00,-3.125171974880025516e-01,3.701827301363853628e-01
3.813983954680384869e+01,-1.579806256247846263e-01,-5.219530429948937567e-03,6.794914890506897898e+00,-3.774816992893725853e-01,2.793096508892690122e-01
3.883965703734794772e+01,-1.693359893160243934e-01,-2.546946473324562810e-02,6.725688006586376666e+00,-6.922688392052123163e-01,3.004455318955808751e-01
3.943672244608021060e+01,-1.767255680244246008e-01,8.647541136259562222e-02,6.637454533304758542e+00,-8.823347328161812442e-01,4.497288532002675088e-01
3.997150794152465636e+01,-2.402967573031552506e-01,-1.063572187110717326e-01,6.477063579451189490e+00,-1.603909538535690515e+00,6.166736428546610860e-01
4.057790548569734312e+01,-1.432007219301135448e-01,1.484545616297772708e-01,6.321689569231428329e+00,-1.553740102197611606e+00,6.506563361672318413e-01
4.116883729797437041e+01,-1.010682632918197543e-01,2.081959937371663516e-02,6.148350157711419683e+00,-1.733394115200086461e+00,1.741930226583166263e-01
4.176811887001912282e+01,-1.119595243863803352e-01,-7.005779903989543811e-02,5.975392283329805210e+00,-1.729578743816144737e+00,2.741472147994509223e-01
4.237682393251962765e+01,-1.595906497486630771e-01,-4.615486695141071682e-02,5.813912145441526569e+00,-1.614801378882786409e+00,1.923581355591345299e-01
4.297765335076374527e+01,-1.562323036705531576e-01,2.067928605019860033e-02,5.669999968580500926e+00,-1.439121768610256424e+00,1.203135871692936898e-01
4.347548631594793278e+01,-1.349626658406280766e-01,8.532344549899272684e-03,5.545512677691450065e+00,-1.244872908890508612e+00,-1.361881609012514233e-02
4.407488620417489500e+01,-1.461190907504901493e-01,1.803545080923417421e-02,5.441441500227893080e+00,-1.040711774635569853e+00,-8.741755817688495744e-02
4.467561231197676364e+01,-1.170706496490643705e-01,3.394279198572865142e-02,5.356358488648649718e+00,-8.508301157924336167e-01,3.248228119139998094e-02
4.527578121005484491e+01,-1.076732233448489950e-01,4.333195605256590262e-03,5.288042443351182342e+00,-6.831604529746737597e-01,-7.018589974110318874e-02
4.577561815332804684e+01,-1.100132402077002303e-01,-2.115383052602305344e-02,5.236442914980713681e+00,-5.159952837046866136e-01,-4.675180807690602902e-02
4.637557606156718037e+01,-1.314158177909518221e-01,-1.433639795876423019e-02,5.202407736879495204e+00,-3.403517810121847731e-01,1.270211212581634670e-02
4.687563860903173918e+01,-1.312963723314186926e-01,9.683206195159069218e-03,5.184039517513781448e+00,-1.836821936571375602e-01,1.054903870334982369e-01
4.737620605164929088e+01,-1.230988423309437030e-01,-2.813747487724421042e-02,5.176456733579399838e+00,-7.582783934381609470e-02,4.909642886998917544e-02
4.787669820814176802e+01,-1.473931162649137205e-01,-6.919784550185781313e-02,5.179075164169669065e+00,2.618430590269227309e-02,-6.466232799212422167e-02
4.847554111048079051e+01,-1.796457223281318072e-01,8.978550492066646183e-03,5.199997525616411487e+00,2.092236144674242126e-01,-6.040310671644607415e-02
4.897562917329043586e+01,-1.547210738052705037e-01,5.857293290501108113e-02,5.243191278680288114e+00,4.319375306387662761e-01,6.474767523057487276e-03
4.947629445766795442e+01,-1.325853098066523128e-01,3.185111554875292433e-02,5.297756674617782657e+00,5.456539593749454298e-01,-3.567903897583234174e-02
5.007648650210893493e+01,-1.271888422023914611e-01,-7.679460772063866764e-03,5.356065151773150568e+00,5.830847715536791043e-01,-9.438745024157821698e-03
