-5.420504513553158432e+00,2.920393000842160802e-01,9.864168546526836945e-01,0.000000000000000000e+00,0.000000000000000000e+00,0.000000000000000000e+00
-5.391556730728606972e+00,3.358037037196627828e-01,6.801034335229445560e-01,1.743082596778972315e-01,1.743082596778972260e+00,-1.548605126736960803e-02
-5.355646453532604490e+00,3.444986044247827506e-01,-2.478293207801547660e-01,3.452888162164891583e-01,1.709805565385919213e+00,-1.561330332571957413e-01
-5.267927466273191861e+00,3.045216682884689940e-01,-7.215397889182653679e-02,1.005466084659289772e+00,6.601772684428006244e+00,-6.467508105472300484e-01
-5.097604559124352619e+00,3.258474766364271025e-01,-8.913472753599121015e-03,1.183826796695035100e+00,1.783607120357453280e+00,4.914851955454742349e-02
-4.947047019026046932e+00,3.016614334158174149e-01,-2.354718544441506689e-01,1.377180427461278001e+00,1.933536307662429010e+00,-7.184648250912813172e-02
-4.791946169116387821e+00,2.525131017353149376e-01,-2.095269082603700983e-01,1.558158559279386957e+00,1.809781318181089560e+00,-1.141311527508727212e-02
-4.591082284393749546e+00,2.259662765424820252e-01,-1.583911640193290948e-01,1.751219366181192338e+00,1.930608069018053818e+00,1.250008755930006876e-01
-4.407360644150376316e+00,1.910835818231789718e-01,-1.275004081796747846e-01,1.954435210689554614e+00,2.032158445083622755e+00,1.349059909792948153e-01
-4.196264496546834977e+00,1.753522834050413315e-01,-1.098886170893882963e-01,2.166483782133485025e+00,2.120485714439304115e+00,1.776548293610140661e-01
-3.971846142819583925e+00,1.430319236000417993e-01,1.185964422272904606e-02,2.362986083395356207e+00,1.965023012618711817e+00,1.627538629783500390e-01
-3.713052618614033129e+00,1.810832730541567237e-01,1.281364863629110562e-01,2.566632361907625004e+00,2.036462785122687968e+00,2.366558845445126680e-01
-3.426983697359855974e+00,2.132333153887209787e-01,8.074495786951707554e-02,2.776367012983664395e+00,2.097346510760393912e+00,3.907182944059320556e-04
-3.116174783765185197e+00,2.293831620399260640e-01,7.968976189264100063e-02,2.990947270666282964e+00,2.145802576826185692e+00,-3.889198205641344191e-02
-2.789260368050908490e+00,2.641611864277174648e-01,6.192953320046667987e-02,3.208660079479227267e+00,2.177128088129443029e+00,9.712019806639007879e-03
-2.453178291112056986e+00,2.704947968198563868e-01,3.944571626366533135e-02,3.425763807125561389e+00,2.171037276463341215e+00,5.312272051042976617e-02
-2.081842420373690938e+00,2.920802759449169783e-01,1.797948775546027722e-01,3.623926665957259541e+00,1.981628588316981521e+00,2.044769285145989768e-01
-1.727593464106457199e+00,4.023753697537115759e-01,2.698997300088289419e-01,3.820947254520281167e+00,1.970205885630216258e+00,2.909964516942881718e-01
-1.318674160369555537e+00,5.032109190792040110e-01,3.042575702327853793e-01,4.013693112574495458e+00,1.927458580542142919e+00,1.186759329098752563e-01
-9.067952892491905059e-01,6.601120724940969797e-01,4.276851370691144849e-01,4.197723013259790470e+00,1.840299006852950114e+00,2.709644772789483458e-01
-5.531918374316853182e-01,8.521347817979104677e-01,5.328768055605375142e-01,4.370286488296766692e+00,1.725634750369762216e+00,2.940777655005303859e-01
-1.881432782329068298e-01,1.083964374098002947e+00,5.871158786816033093e-01,4.530833843584989751e+00,1.605473552882230592e+00,1.979132198803045806e-01
1.923389552260196256e-01,1.348200979805439736e+00,5.630601248404344394e-01,4.690514200748815199e+00,1.596803571638254482e+00,2.034278379236281048e-02
6.430331522709838987e-01,1.608620140564375633e+00,4.001750032518877620e-01,4.861620518342651742e+00,1.711063175938365433e+00,-2.127833659176707748e-01
1.139540889995278139e+00,1.748866943372354488e+00,2.154612609991491401e-01,5.056486880590667532e+00,1.948663622480157898e+00,-3.677881262578945876e-01
1.663808647590471423e+00,1.832025554038638759e+00,6.638301317084993602e-02,5.274844168423236113e+00,2.183572878325685807e+00,-2.657843578051438116e-01
2.226096580970540639e+00,1.821101921368216026e+00,2.363294959701171469e-02,5.514717380599797103e+00,2.398732121765609904e+00,-2.531549688248752594e-01
2.780446814043824766e+00,1.858419921622405990e+00,1.603518913512212429e-01,5.752108129472963682e+00,2.373907488731665794e+00,5.894623597997232511e-02
3.345089276835355285e+00,2.002088400928758283e+00,4.109786440993730694e-01,5.958207630028024226e+00,2.060995005550605441e+00,2.489644973728522281e-01
3.854191017354553495e+00,2.326352506747898730e+00,8.111663299610830657e-01,6.116302839576443162e+00,1.580952095484189357e+00,4.969632864938200445e-01
4.168971232800317672e+00,2.869563167586897556e+00,1.334662497401833736e+00,6.169160692003530677e+00,5.285785242708751497e-01,6.305908031053425455e-01
4.130860780783666364e+00,3.476159178518315684e+00,1.859180493522727406e+00,6.179458350327956317e+00,1.029765832442564033e-01,7.708515917470872836e-01
3.837049627048386480e+00,3.988448154435914716e+00,2.432119715040760077e+00,6.132231781350291122e+00,-4.722656897766519535e-01,6.904015614505841780e-01
3.243736347948895204e+00,4.237855421985061710e+00,2.895910076607513872e+00,5.968494219028110948e+00,-1.637375623221801746e+00,7.513374947488626887e-01
2.673259851727960879e+00,4.280266159841762175e+00,-3.070654968240953409e+00,5.799524415703169566e+00,-1.689698033249413811e+00,6.138500175981892459e-01
2.129413592486852025e+00,4.158675084487229334e+00,-2.966341782076661993e+00,5.645646795315212962e+00,-1.538776203879566040e+00,4.481246872006290349e-01
1.564660052321765971e+00,4.083969339254649888e+00,-2.932474306042519796e+00,5.528004029391709651e+00,-1.176427659235033119e+00,-3.518524694952724144e-03
1.040492046154000594e+00,3.927583161203169304e+00,-2.927342891841378414e+00,5.417221485526199309e+00,-1.107825438655103412e+00,6.465772972178587819e-02
5.008311981036368543e-01,3.852491535549529722e+00,-2.903465259499111273e+00,5.310196592139805993e+00,-1.070248933863933161e+00,-1.204786036918742281e-01
2.285681236927400439e-02,3.680569650240977708e+00,-2.786547573353899576e+00,5.202596409677870959e+00,-1.076001824619350344e+00,2.575684125113023026e-01
-4.495917480461918414e-01,3.500116138011675648e+00,-2.658553703971254567e+00,5.092782233750983600e+00,-1.098141759268873585e+00,1.953331962559569090e-01
-8.653934225264441338e-01,3.214700531056628563e+00,-2.501553915551518070e+00,4.983023240572039825e+00,-1.097589931789437756e+00,3.613268183856691018e-01
-1.250068027258989689e+00,2.904078269584808414e+00,-2.468241233820612113e+00,4.875376531629242116e+00,-1.076467089427977086e+00,1.535584649752865516e-01
-1.637336307683745940e+00,2.598903387201080939e+00,-2.513419654027736705e+00,4.775679941247620519e+00,-9.969659038162159703e-01,2.671387559500606676e-02
-2.038313822307135759e+00,2.331559426319807837e+00,-2.617796876210964907e+00,4.723969186842983170e+00,-5.171075440463734907e-01,-1.546407004926557416e-01
-2.486696257962575984e+00,2.108302065324342056e+00,-2.877891723486267317e+00,4.718544025784337848e+00,-5.425161058645322498e-02,-4.521195221481701942e-01
-2.965718928333250126e+00,2.081170897638842998e+00,2.912590444306953685e+00,4.763576058449323192e+00,4.503203266498534418e-01,-7.015522350364874482e-01
-3.381948316370199326e+00,2.316977365934847377e+00,2.469327211730429461e+00,4.810195848801520846e+00,4.661979035219765422e-01,-8.063692791438893392e-01
-3.727880275662199150e+00,2.687811846588946896e+00,2.128575680565040429e+00,4.924661641112795252e+00,1.144657923112744058e+00,-5.435275124476621755e-01
-3.923220886366444837e+00,3.184595562722370765e+00,1.754373587891659980e+00,5.105594618292737863e+00,1.809329771799426112e+00,-6.494423165529097375e-01
-3.918220314183520792e+00,3.712977088639124901e+00,1.606841276919082739e+00,5.324396451250605899e+00,2.188018329578680365e+00,-5.235289897138959425e-01
-3.962679699111497200e+00,4.278832684062585656e+00,1.899268721995289066e+00,5.496554604984780212e+00,1.721581537341743129e+00,4.724614549267489028e-02
-4.275737329369799333e+00,4.761971094801934257e+00,2.295131139056048042e+00,5.662452644322796047e+00,1.658980393380158347e+00,6.180839164096209037e-01
-4.692780829371959506e+00,5.104023361313604568e+00,2.693339920996821846e+00,5.721018561778961953e+00,5.856591745616590572e-01,5.473252462035321786e-01
-5.239415332218881005e+00,5.225405679413539950e+00,-3.129238106930587016e+00,5.736843250194485044e+00,1.582468841552309158e-01,7.081632419446760585e-01
-5.805481977743003341e+00,5.090275743596118119e+00,-2.587939398766576193e+00,5.694428130256994791e+00,-4.241511993749025322e-01,7.290350411113091234e-01
-6.159982939137790936e+00,4.656363233644583488e+00,-2.117278285838323892e+00,5.590735045250341706e+00,-1.036930850066530851e+00,7.882263414964345571e-01
-6.379067423034329387e+00,4.147305363973660342e+00,-1.967219912877620214e+00,5.471005695811383518e+00,-1.197293494389581880e+00,4.920553905685515206e-01
-6.577084649201655253e+00,3.659904084634760135e+00,-2.000039756737209018e+00,5.369429809875538417e+00,-1.015758859358451005e+00,1.156346494068489494e-01
-6.814985232325715181e+00,3.194907639079539674e+00,-2.332971908774405634e+00,5.313291663496636730e+00,-5.613814637890168768e-01,-3.469080848796407546e-01
-7.259045799430679402e+00,2.945510133967388366e+00,-2.740826926135431663e+00,5.309441634865540216e+00,-3.850028631096513720e-02,-7.049081524816804833e-01
-7.775156967212540238e+00,2.788086604696033532e+00,-2.902119786125707979e+00,5.352682972200832445e+00,4.324133733529222923e-01,-3.486772316346283818e-01
-8.283702017379363625e+00,2.695332045085892414e+00,-3.067620418063403243e+00,5.413478740849996917e+00,6.079576864916447221e-01,-3.190105529196017864e-01
-8.795811742503403252e+00,2.712448477702284144e+00,3.076483405661637693e+00,5.484716600158486166e+00,7.123785930848924863e-01,-3.013650091208477377e-01
-9.387264373136966711e+00,2.767285864741611423e+00,2.942304418037362979e+00,5.570533976920436281e+00,8.581737676195011488e-01,-1.615188999610072673e-01
-9.945164810481452733e+00,2.944582317441409192e+00,2.733008026147920599e+00,5.684512873409842904e+00,1.139788964894066225e+00,-3.333670327522004206e-01
-1.046559918073175766e+01,3.234150375678265021e+00,2.491547474685014585e+00,5.858292030862079613e+00,1.737791574522367100e+00,-3.550904465302022195e-01
-1.089874703572058046e+01,3.669567701574054652e+00,2.282081711486161346e+00,6.058983966871677396e+00,2.006919360095977822e+00,-4.563941096984344137e-01
-1.127008498144683557e+01,4.167681820286202488e+00,2.296899073473507524e+00,6.251948362638245271e+00,1.929643957665678755e+00,-2.058343185124499319e-01
-1.171854602134262535e+01,4.592844387996194655e+00,2.508861395064105881e+00,6.426656818830316809e+00,1.747084561920715373e+00,2.315214692053632062e-01
-1.229249941689980297e+01,4.917424772092877205e+00,2.753271990824967652e+00,6.567324504523009310e+00,1.406676856926925012e+00,3.259970198967804267e-01
-1.295673226178015724e+01,5.099377933443204114e+00,3.000017323121542567e+00,6.661466058633677356e+00,9.414155411066804646e-01,4.072719615156848993e-01
-1.360533914721688475e+01,5.104542332718975395e+00,-3.038756334121873515e+00,6.732439469297546886e+00,7.097341066386952946e-01,3.779103947459013790e-01
-1.424633547789766475e+01,4.966290406810032643e+00,-2.907457818124429494e+00,6.799187959335956322e+00,6.674849003840943595e-01,2.588295238355353134e-01
-1.489873004942810120e+01,4.796056788772957269e+00,-2.762258460826323425e+00,6.857584935178288710e+00,5.839697584233238814e-01,1.468166672236479731e-01
-1.548096667025753348e+01,4.474115913690057234e+00,-2.579982573557942693e+00,6.901450871110008656e+00,4.386593593171994598e-01,2.929325989000541308e-01
-1.604396221178334159e+01,4.075482723887451364e+00,-2.353565161413879725e+00,6.894547758484074862e+00,-6.903112625933793822e-02,2.606081021481934101e-01
-1.643050522698776561e+01,3.519570883651324422e+00,-2.007085480692606172e+00,6.866868355280930203e+00,-2.767940320314465907e-01,4.615439944600972511e-01
-1.661362572362464007e+01,2.853697711916769464e+00,-1.839437235900538425e+00,6.831993217294632714e+00,-3.487513798629748862e-01,3.392274187424557663e-01
-1.679013461743064539e+01,2.213231341151621567e+00,-1.635107426755242344e+00,6.784874905172929793e+00,-4.711831212170292105e-01,1.651652577077880601e-01
-1.669604459218702175e+01,1.573899801625265882e+00,-1.322724395521015284e+00,6.714038661385508533e+00,-7.083624378742126027e-01,4.163635141705167020e-01
-1.647546168575529535e+01,9.708846797590291455e-01,-9.555716223026348155e-01,6.624473257675688842e+00,-8.956540370981969090e-01,4.316729238096063126e-01
-1.599274052766963905e+01,5.787394245738839427e-01,-4.731056407985883006e-01,6.463013379193029095e+00,-1.614598784826597466e+00,6.516540564805808344e-01
-1.539348904036403098e+01,4.170455279752328104e-01,-2.833115325810928731e-01,6.299774473791696749e+00,-1.632389054013323459e+00,4.356210477423106964e-01
-1.483359405195556313e+01,2.412619133391920856e-01,-1.882682116966735431e-01,6.125978866669917977e+00,-1.737956071217787724e+00,1.781571595030918553e-01
-1.423436174124366715e+01,1.962032723945699719e-01,-1.699933074298371968e-02,5.952834129157125176e+00,-1.731447375127928012e+00,3.283182008040450017e-01
-1.366772746302839892e+01,2.214410522957644956e-01,5.003853709950548817e-02,5.791411395992512645e+00,-1.614227331646125307e+00,1.782429089275884837e-01
-1.311957483391941892e+01,2.520321820297022897e-01,4.005929789147736481e-02,5.647775890877277050e+00,-1.436355051152355955e+00,2.215520903554623125e-02
-1.256478949356198527e+01,2.656476222926182351e-01,3.062485605730728630e-02,5.523759845336469354e+00,-1.240160455408076956e+00,-4.525512882674876530e-02
-1.203096519758459237e+01,2.853811218849973685e-01,-2.492745691970026187e-03,5.420330317009880439e+00,-1.034295283265889154e+00,-2.096878819552274245e-02
-1.148836941614917073e+01,2.629643752241918042e-01,-2.014368804982314201e-02,5.336035901486089195e+00,-8.429441552379124403e-01,-5.405944125009632534e-02
-1.092230159098444275e+01,2.630455269352434122e-01,4.971772479529291446e-03,5.277856502881515866e+00,-5.817939860457332912e-01,6.217016652421480244e-02
-1.034370690821925010e+01,2.686554236709786658e-01,1.610916542917870814e-02,5.237485305690595006e+00,-4.037119719092086001e-01,9.565413475373258159e-03
-9.793688511055897550e+00,2.812281145979732555e-01,-1.775932826942459852e-03,5.213063893456038933e+00,-2.442141223455607246e-01,-8.470430459656850056e-03
-9.308733630708116991e+00,2.668173787200784353e-01,1.181900910501840034e-02,5.195093387552522479e+00,-1.797050590351645383e-01,-1.301607323622352118e-02
-8.778210399603501912e+00,2.932306185208756744e-01,1.227547526620471896e-02,5.187758007033730578e+00,-7.335380518791900784e-02,7.537973819774511364e-02
-8.270390372193594075e+00,2.795641759743601740e-01,-2.616330764837724449e-03,5.190486087963487982e+00,2.728080929757403794e-02,-5.867273331676960829e-02
-7.750048864221289691e+00,2.905406017267405661e-01,-2.148314736748768369e-02,5.211393025477831564e+00,2.090693751434358205e-01,-8.636745464887945339e-03
-7.270473719806761714e+00,2.580795138335500449e-01,-4.494243795151110776e-02,5.254458942003934929e+00,4.306591652610336496e-01,-1.148321907420013915e-01
-6.735965392918872752e+00,2.449345086968899021e-01,-4.824802059388802467e-02,5.308796608424197316e+00,5.433766642026238713e-01,6.542723164940074040e-03
-6.189126403393252929e+00,2.058661245996361300e-01,-7.132285019061269937e-02,5.366789729675991438e+00,5.799312125179412192e-01,-4.560206022825303435e-02
