-5.420504513553158432e+00,2.920393000842160802e-01,-7.207133643348188901e-02,0.000000000000000000e+00,-4.163336342344337027e-17,0.000000000000000000e+00
-5.267458989998971219e+00,2.806897674254713593e-01,-7.917996428546578147e-02,9.418927728131358534e-02,2.498541081574892353e-01,-4.617447622614770930e-01
-5.109003772048971825e+00,2.670688020947551422e-01,-1.685191216977335593e-01,3.499759438348018503e-01,-1.071280273092360957e-01,-1.778262933360067258e-02
-4.740397160790339903e+00,2.049082221985543129e-01,-1.707990659022768087e-01,2.554037964515926129e-01,9.051593185568636984e-03,1.729341907651357063e-02
-4.489160588874865354e+00,1.629953398499495165e-01,-1.573222681427233760e-01,2.568184140521516112e-01,2.111138674419320294e-02,6.424035931773214303e-02
-4.236288069194350747e+00,1.259408857231250067e-01,-1.227242482635916565e-01,2.583305716348980874e-01,2.862666680777834274e-02,7.738193602622286948e-02
-3.981766016232057837e+00,9.797789908598986131e-02,-8.711523827933145836e-02,2.587969625283179087e-01,2.725230276683471980e-02,7.039597709203669618e-02
-3.726239634817062107e+00,7.913303148051120672e-02,-5.488157906127111296e-02,2.591564034014616213e-01,2.585342649658035549e-02,6.339907468986244465e-02
-3.470099606079593002e+00,6.822020087498259500e-02,-2.594053452936894918e-02,2.593854773180008788e-01,2.459407002755265026e-02,5.769222073891154545e-02
-3.213323892394579939e+00,6.465571657034985265e-02,3.099208805187332605e-03,2.598268032578230358e-01,2.478370356633486857e-02,5.658955692579126923e-02
-2.982177004704407608e+00,6.582578142412920386e-02,2.415630875801947491e-02,2.606783233563612079e-01,2.682158996588929201e-02,6.105717097098960905e-02
-2.725074337852729123e+00,7.523949023051024199e-02,5.345277247578728713e-02,2.620766359408679969e-01,3.089414846291027236e-02,7.133116145763046534e-02
-2.467737850123256749e+00,9.276999479781089519e-02,8.789437425979634844e-02,2.641473474206483818e-01,3.579567651689763430e-02,8.333751363765834475e-02
-2.184922726720567532e+00,1.239576813431089164e-01,1.321172566832342909e-01,2.656221961769495987e-01,3.921676232233631265e-02,9.157275417292909392e-02
-1.928236611749503560e+00,1.630367594397732489e-01,1.765882837428782159e-01,2.671799914722000624e-01,4.513940376864856302e-02,1.068222979882519075e-01
-1.672524987947287656e+00,2.138722659277290106e-01,2.305780178553250570e-01,2.709298450891869936e-01,5.679464242769205473e-02,1.364955295901098820e-01
-1.418330862054198338e+00,2.806975614099345151e-01,3.003587348869970475e-01,2.756012691169542062e-01,7.108571419532969116e-02,1.718824780124185991e-01
-1.167472800756860218e+00,3.669202746019171180e-01,3.891876937828819272e-01,2.804936018474883941e-01,8.925092398385148229e-02,2.179110981287735171e-01
-9.237252677425870084e-01,4.785405781643585765e-01,5.066860790829902372e-01,2.873448873195836306e-01,1.082997032557695277e-01,2.667427332322267475e-01
-7.172630045441001911e-01,6.049478855593339865e-01,6.270561029883464643e-01,2.882110218471417573e-01,1.069571452981248338e-01,2.691172905051688047e-01
-5.082765527103030312e-01,7.735902011615167773e-01,7.609909154316433222e-01,2.790733344810424343e-01,8.526067323824840227e-02,2.413815890492815863e-01
-3.057854823027272850e-01,9.782990798014061795e-01,8.690687857607046762e-01,2.737945974935281912e-01,6.422487670562913864e-02,1.461898202082102804e-01
-1.428623684083465406e-01,1.180300943554930981e+00,8.994442146696404183e-01,2.619815107367234885e-01,7.019998479534397817e-03,-1.451958917170310254e-02
1.753168074909439156e-02,1.381488542850121348e+00,8.750525541300936405e-01,2.603368550903168988e-01,-2.489500885030073579e-02,-1.321328597075497879e-01
1.869453055334346914e-01,1.576032367494160757e+00,7.962834359162163089e-01,2.635726327665440238e-01,-5.869899835091769297e-02,-2.353911146981879643e-01
3.763835786385030246e-01,1.755228254822615463e+00,6.647602369581535608e-01,2.711854036299290449e-01,-1.028915855492294334e-01,-3.021733007563857099e-01
5.926213629903356317e-01,1.906296922416598649e+00,5.063291447269114842e-01,2.756645549910612947e-01,-1.181390530817496981e-01,-3.070324737179698227e-01
8.305057881555860666e-01,2.021336279302541339e+00,3.561718987530690383e-01,2.756896204114375748e-01,-1.117842184809873102e-01,-2.930700276009473582e-01
1.081903316476808374e+00,2.101192346471415728e+00,2.127819417565691706e-01,2.747743799796116826e-01,-1.072542005043004704e-01,-2.897556478197372831e-01
1.341515381989458078e+00,2.143645428126835561e+00,7.028688170104629984e-02,2.733908232933380256e-01,-9.650487092444319515e-02,-3.552608719702486928e-01
1.603459526396142643e+00,2.149838212578039531e+00,-1.075401720506100195e-01,2.803656170929518243e-01,-1.730948396806507028e-01,-3.421328336675214521e-01
1.836632632940191856e+00,2.108916906052719753e+00,-2.156283686450955195e-01,2.667716878851531526e-01,-6.333798299285742228e-02,-1.648251168831986468e-01
2.087601685267253426e+00,2.045390254548703268e+00,-2.868246078133118715e-01,2.661098051720155455e-01,-1.107889976641837984e-02,-8.343860700844620004e-03
2.338292733721263339e+00,1.971963383348628085e+00,-2.643695266899209750e-01,2.735869770150648472e-01,5.849903103887350159e-02,1.442701429843009364e-01
2.624771876109581292e+00,1.909788563183309140e+00,-1.609446765286650649e-01,2.949207317959653962e-01,1.370167470047801983e-01,2.646553302883993264e-01
2.901304487255965459e+00,1.880853420813886956e+00,-1.087288560303001361e-02,3.202319112286006741e-01,1.963191485091032584e-01,3.166701472021059560e-01
3.189682930913587455e+00,1.897747348109432464e+00,1.673454420677695231e-01,3.442293904713241148e-01,2.638250379600954876e-01,3.401552178850676400e-01
3.481111470202635783e+00,1.973948939841923433e+00,3.705742034164739018e-01,3.857737223390210191e-01,3.842901424995477377e-01,3.849557575153595423e-01
3.766327403383255223e+00,2.121469117144614280e+00,6.207698499762648314e-01,4.450689823171148918e-01,5.255314950837838284e-01,4.349415638178504850e-01
4.014486047255152457e+00,2.356594697884232481e+00,9.197638086866968266e-01,4.903339775180374227e-01,5.321201324837000479e-01,4.544330621313905083e-01
4.180776795142911340e+00,2.661944287306254431e+00,1.220534039735595710e+00,4.512225584326022831e-01,3.896776217403700171e-01,4.101269785030767778e-01
4.258970126071909945e+00,2.979658059293640804e+00,1.458680562237435030e+00,4.085877412989287749e-01,3.238161837608692362e-01,3.505137988329576348e-01
4.263154744704854338e+00,3.301328087269355116e+00,1.671737318828585339e+00,4.119765343846562566e-01,4.046634755060374289e-01,3.851654136067837464e-01
4.193465905810912275e+00,3.624793875660119458e+00,1.930805421469982353e+00,4.731017444160159346e-01,5.692820303863310727e-01,4.837062932684090266e-01
4.032899649011161713e+00,3.916863687075742284e+00,2.300117393025111756e+00,5.218786703486882894e-01,8.453277680732821375e-01,4.947729160730249820e-01
3.703712623569054063e+00,4.156773502309373036e+00,2.820221184404684500e+00,6.364640552187793565e-01,8.740767054204230391e-01,4.958442633592657356e-01
3.354151069359804893e+00,4.190593166253691493e+00,3.089294064837186493e+00,3.909255563695231417e-01,2.898293516462879249e-01,4.915400184331613631e-01
3.035826679979680698e+00,4.170910371379317638e+00,-2.956119754561114199e+00,2.983432427463701964e-01,7.132318308920200522e-02,3.002629155576596598e-01
2.775796718589749190e+00,4.110807843550019491e+00,-2.830807870496804046e+00,2.634044941431651354e-01,-1.003766051915875798e-02,-5.908186283093933011e-02
2.533101354639367919e+00,4.031897781676898163e+00,-2.876098410969429864e+00,2.403434408148634738e-01,-4.728117341341125240e-02,-2.128427088619461172e-01
2.293419725885250671e+00,3.973800532705050959e+00,-2.988946333185976911e+00,2.355241372366385644e-01,-5.305375311034450647e-02,-2.280253613555008052e-01
2.049262864426490971e+00,3.944291297484599390e+00,-3.088954711701039191e+00,2.410582752078544444e-01,-3.879076078605614430e-02,-1.670188941079470968e-01
1.824785191614490376e+00,3.936442755268682703e+00,3.129271961933852708e+00,2.454013220656282024e-01,-2.055433827160086865e-02,-9.122574075220295231e-02
1.573465794856941491e+00,3.943016956952675400e+00,3.097636871204489495e+00,2.540853911954789046e-01,9.530058502867342490e-03,8.613757409618064825e-03
1.319062912933729237e+00,3.953635146379866683e+00,3.110474871091990501e+00,2.628509540085336438e-01,3.081833837265363779e-02,6.839732741559612084e-02
1.061289141741707187e+00,3.958111233042699517e+00,-3.138996451533688781e+00,2.639802625945916748e-01,3.901620948627214369e-02,9.021246829738442663e-02
7.751997930007028526e-01,3.949974134459325548e+00,-3.079724831520603612e+00,2.711677280746142005e-01,5.794795535288122662e-02,1.376048984908724016e-01
5.130842348922183271e-01,3.926482094404806666e+00,-3.008320720633621548e+00,2.762319120864276112e-01,7.254048148182480615e-02,1.721006166437969165e-01
2.508740744008236545e-01,3.882778475339073943e+00,-2.918134701054543090e+00,2.816267736767645302e-01,8.767347925224949767e-02,2.086449652223883178e-01
-7.971134745068830796e-03,3.812673401961393260e+00,-2.808803099975600404e+00,2.860607298123021280e-01,9.467494463851751363e-02,2.278666295776885231e-01
-2.576441630494599178e-01,3.714072502906061057e+00,-2.696728550450509854e+00,2.828637581945008805e-01,8.729300995594503620e-02,2.209998741531212507e-01
-4.935947413064865064e-01,3.590033447985337300e+00,-2.589090946866221987e+00,2.792930720895557273e-01,8.034261284909743894e-02,2.149378346243601690e-01
-7.132861826930132487e-01,3.442244310403316465e+00,-2.485043625913788023e+00,2.756378445648017261e-01,7.408904989720409284e-02,2.112191497279054253e-01
-9.157536327976285584e-01,3.274752276755495295e+00,-2.383653698676991617e+00,2.722364538087619912e-01,6.875022230234109633e-02,2.104901926421666458e-01
-1.099000713352956238e+00,3.088647719277153758e+00,-2.282935986823148244e+00,2.693758117609891811e-01,6.190753337910727405e-02,1.699909232438224505e-01
-1.262749595401124747e+00,2.887267266644816033e+00,-2.210489426008340086e+00,2.651313236514003524e-01,3.347626611294978599e-02,6.577100018640417989e-02
-1.414507512843925952e+00,2.677422294157793203e+00,-2.191220453231689902e+00,2.662313426907150782e-01,1.026263580510200805e-03,-5.279256823191949555e-02
-1.568191867882950064e+00,2.465904796805239663e+00,-2.229775344284863792e+00,2.743093742559548076e-01,-3.744935690951485541e-02,-1.504291822662899847e-01
-1.717726607534740157e+00,2.275169664555393823e+00,-2.314162143707658714e+00,2.858070782142148047e-01,-5.422630842226849185e-02,-2.159093598417003435e-01
-1.911427272203753969e+00,2.081130528853624373e+00,-2.437999575512292516e+00,3.111352727067500101e-01,-1.130993662776836467e-01,-2.957147936022356260e-01
-2.170272974702631252e+00,1.899570391270965608e+00,-2.632981139954045258e+00,3.401134267034987557e-01,-2.019352611529258990e-01,-3.357088065457443093e-01
-2.435956193157507776e+00,1.775138363323194080e+00,-2.813668965762415208e+00,3.472685674478350748e-01,-1.976144905974471233e-01,-3.223224851577888850e-01
-2.724921860358433534e+00,1.702197928424312279e+00,-2.995021192084909245e+00,3.590774714490159725e-01,-2.042755743584948880e-01,-3.292880850474130261e-01
-3.029016756078377171e+00,1.682120315696153945e+00,3.093866299403388087e+00,3.806423840071448961e-01,-2.488684167150514159e-01,-3.563770094761503637e-01
-3.339919799144947632e+00,1.726964952632054517e+00,2.873620178280569259e+00,4.048933497176279150e-01,-3.043838183785074203e-01,-3.966711464952520361e-01
-3.641497539550701212e+00,1.849336765554657536e+00,2.610751887793113291e+00,4.343443025070756747e-01,-4.653674184730003383e-01,-4.310524031108600718e-01
-3.901453109532891261e+00,2.047883766939353478e+00,2.339583363571944741e+00,4.087487566622501900e-01,-3.992929683225068249e-01,-4.220842171727452463e-01
-4.093478537366024739e+00,2.297987693885623628e+00,2.088953387477011425e+00,3.841482621074036596e-01,-3.278353824043977460e-01,-4.268139923464825958e-01
-4.218532865527906850e+00,2.578898722057261228e+00,1.833786105105082775e+00,3.722843964001655293e-01,-3.043494995516882184e-01,-4.630884609315158440e-01
-4.265085627610986307e+00,2.879172352002039137e+00,1.548128824269723758e+00,3.696199576852445268e-01,-3.802464934096657645e-01,-4.708609897643889486e-01
-4.224375993141801011e+00,3.173827602891924560e+00,1.269964648175397226e+00,3.274656814683065131e-01,-2.711584325253513783e-01,-4.060479456746723947e-01
-4.118464746481311778e+00,3.431102933985973102e+00,1.085893152574764375e+00,2.909926173353269974e-01,-8.881448275258210789e-02,-1.066684282348040191e-01
-3.987188140178904661e+00,3.666106076943497882e+00,1.075337784481698700e+00,2.827319986340868230e-01,5.955793185681611951e-02,2.101150484334012580e-01
-3.868826767985721116e+00,3.886183654087273176e+00,1.219379521888575679e+00,3.026451320560160085e-01,2.342829705200110968e-01,4.320611673814246378e-01
-3.792537195838070474e+00,4.167467298894761640e+00,1.506755049604523222e+00,3.764368421395594133e-01,4.508508516476238404e-01,4.866545728427831841e-01
-3.815416469020669332e+00,4.476643473749275515e+00,1.789075542731437984e+00,4.030481922060314970e-01,4.320977977441814999e-01,4.834338197080391697e-01
-3.945046747567264589e+00,4.800496708564745418e+00,2.099564178145135962e+00,3.951244443674952755e-01,3.636907654931700318e-01,4.450652536680138605e-01
-4.134913167666793399e+00,5.053378249045571202e+00,2.365568871511364524e+00,4.006432451353495461e-01,3.545877209202879521e-01,3.995294094111165317e-01
-4.384655779622312011e+00,5.251956006789483489e+00,2.609866670923142618e+00,4.107120045105359663e-01,3.484034367107878283e-01,3.904958749728061340e-01
-4.678500407243705084e+00,5.384148207082870563e+00,2.850555383665159148e+00,4.060120205070520960e-01,3.116561309663062329e-01,3.732067276259934396e-01
-4.988980354511227233e+00,5.443254033162916450e+00,3.066248229369961109e+00,3.888054992906846419e-01,2.901336689902511701e-01,3.565493028099696038e-01
-5.302330543670783491e+00,5.437647091436117464e+00,-3.003711589547344740e+00,3.919208630935528404e-01,3.402152293612628609e-01,4.339684540091385268e-01
-5.613969291396014860e+00,5.362545389054790945e+00,-2.719855416961658889e+00,4.250788949852085108e-01,4.227506876470533692e-01,4.900207932286627099e-01
-5.877024036386453432e+00,5.199325428805726013e+00,-2.367534979308398846e+00,4.417863226881482697e-01,5.121365981948138302e-01,4.945661548436454114e-01
-6.084097502834309168e+00,4.920504776289835291e+00,-1.945233938113387850e+00,4.569655946705968308e-01,4.837906360926912952e-01,4.938777874827149361e-01
-6.139168546807646010e+00,4.612249920550258508e+00,-1.672914234049936333e+00,2.987509326772590512e-01,1.567082045892793096e-01,4.771192215982298923e-01
-6.145578035606485301e+00,4.316210319348321889e+00,-1.393460965587426603e+00,2.876906552305789067e-01,6.276874918567482142e-02,1.257129607450400699e-01
-6.096358222850922104e+00,4.055641722278375383e+00,-1.389361441834731981e+00,2.797525357664953916e-01,-2.364337520863993639e-02,-2.157686989215400197e-01
-6.056859834900059525e+00,3.788509368630295082e+00,-1.531465227370980564e+00,2.960475922338345889e-01,-1.265557874450318754e-01,-3.845322633371289767e-01
-6.069088085665901744e+00,3.506209817074867896e+00,-1.762963862327811659e+00,3.250951623893499343e-01,-2.209003303136279350e-01,-4.210645493096377145e-01
-6.151782603844745623e+00,3.226976040553012570e+00,-1.995780923507551874e+00,3.396175291282125253e-01,-2.280636508132561358e-01,-3.964859524637998067e-01
-6.299501495304513199e+00,2.969810429057251344e+00,-2.219895896426734794e+00,3.533025537995506116e-01,-1.618151038970008782e-01,-4.161509075286822235e-01
-6.503898785921657932e+00,2.746463397809296492e+00,-2.464909026357219979e+00,4.341953601808240526e-01,-5.802144360383633126e-01,-4.699268652107503330e-01
-6.732006132269360954e+00,2.592613494013522590e+00,-2.648810759131571935e+00,3.747143685732038931e-01,-3.563201654203257962e-01,-3.876229000880492270e-01
-7.016665075465389201e+00,2.477331438094573457e+00,-2.873663613688574259e+00,3.241456436783392014e-01,-1.707873057364158731e-01,-2.640303011298595348e-01
-7.327391848469438251e+00,2.416457751693448230e+00,-3.037097366508171969e+00,3.081573862850166545e-01,-1.441773594761322497e-01,-1.929686657000009575e-01
-7.601853958330311301e+00,2.400431111418554586e+00,-3.122401661098531012e+00,2.819885458977767212e-01,-8.069161104671618290e-02,-8.206608736351418687e-02
-7.865548265721748145e+00,2.401318288680897695e+00,3.134184296091729660e+00,2.606514855329508107e-01,-2.117304266095596313e-02,9.429746297926967086e-03
-8.120821695175555632e+00,2.404625847971288977e+00,-3.136074830228412935e+00,2.538564011405482490e-01,1.571748150556001892e-03,3.182529785325531602e-02
-8.350025441952784178e+00,2.403759313752601656e+00,-3.121743586755636901e+00,2.562255407761100390e-01,-1.272859702691216512e-03,9.610806266540814977e-03
-8.606013564018729411e+00,2.399804245907940725e+00,-3.121368158497849876e+00,2.609089095067960717e-01,-7.171544369144941360e-03,-3.029001345315920912e-02
-8.888203555331635641e+00,2.396893888320491328e+00,-3.138274968897457828e+00,2.697052060932844109e-01,-3.790169738934887761e-02,-6.032945917642618117e-02
-9.147491789404366358e+00,2.399611808388765866e+00,3.123333215525343487e+00,2.673842744930613469e-01,-1.921095852974244109e-02,-6.845591434722365920e-02
-9.408374973010802833e+00,2.408242105945806344e+00,3.085076329281329244e+00,2.776382653515422905e-01,-3.541596831287615460e-02,-1.292934340043339347e-01
-9.674998990768198581e+00,2.430638856493849698e+00,3.013346258275892975e+00,2.937475892500311381e-01,-6.601356006373848562e-02,-2.087220775664618000e-01
-9.947669972459738830e+00,2.476981325283837077e+00,2.895981258544431114e+00,3.157317790573035410e-01,-1.321105477991610100e-01,-2.816317136526461651e-01
-1.019679594338367679e+01,2.555367775269735464e+00,2.735554493265683007e+00,3.280303995706987941e-01,-1.356596965889207140e-01,-3.851850912978959651e-01
-1.045877732666620474e+01,2.692157813318241111e+00,2.491286075067449701e+00,3.702374435232309025e-01,-3.579746034195951943e-01,-4.578771055236836030e-01
-1.067778700599366282e+01,2.905171328397412545e+00,2.200969787708792591e+00,3.445134751825919550e-01,-3.359710000239571337e-01,-4.105272903144154828e-01
-1.082154513241224869e+01,3.149921748190613435e+00,1.998029508220415362e+00,2.914696366904132030e-01,-1.220184762224517799e-01,-2.517389925402693795e-01
-1.093154185382938692e+01,3.421734669991801869e+00,1.861606400934662453e+00,2.772086558242551346e-01,-5.901136563436909510e-02,-1.059782764830753676e-01
-1.100098455071535319e+01,3.675118726517272449e+00,1.825721685500305558e+00,2.704267494001048600e-01,-3.292200462650849389e-03,3.754234668091557814e-02
-1.106847219541529270e+01,3.928360384435100716e+00,1.865981765853089502e+00,2.726080153364017211e-01,5.784421373615088180e-02,1.648294213250464380e-01
-1.115364309246522367e+01,4.180404613995634122e+00,1.966775464055243727e+00,2.837191270855366487e-01,1.024093514545555417e-01,2.353505289332541439e-01
-1.126962096275664393e+01,4.425182562524970997e+00,2.088253621408789229e+00,2.934061853425262711e-01,1.215384757355995188e-01,2.472051549889509592e-01
-1.141760356957840372e+01,4.658238707943082701e+00,2.218225887654543094e+00,3.059597765785317947e-01,1.477976804544879896e-01,2.647527604267308488e-01
-1.160061285344382220e+01,4.872702453710988202e+00,2.361402199406390512e+00,3.227760599462344282e-01,1.868108625382381982e-01,2.907174711278133206e-01
-1.182378406040286123e+01,5.064295413558085102e+00,2.540146479881486563e+00,3.461516323609363233e-01,2.320181142424028453e-01,3.241381579448164296e-01
-1.204942208602774123e+01,5.205394118095766132e+00,2.693976230204205624e+00,3.662522586645969858e-01,2.526896370869398112e-01,3.443750245528813259e-01
-1.233633829168734941e+01,5.313427260018596776e+00,2.895755640424705568e+00,3.690097427616457759e-01,2.157210388862926820e-01,3.295669897492408129e-01
-1.262971856721367736e+01,5.363235472524836567e+00,3.061098174271849270e+00,3.423002846289419643e-01,1.367288969309835844e-01,2.570052149927186669e-01
-1.294452458708173914e+01,5.367756188557475383e+00,-3.093221718690191135e+00,3.065529942310886713e-01,7.392604051496803885e-02,1.582869062375320268e-01
-1.321740203376097966e+01,5.344161169760071495e+00,-3.026585858530695283e+00,2.839188672877982489e-01,3.442204887128960666e-02,7.055094022720034830e-02
-1.347917921397884378e+01,5.308786292836177090e+00,-3.005425890930302213e+00,2.651099210301841591e-01,1.850054457579224099e-02,9.127603117010645722e-03
-1.373454288427464753e+01,5.271672786764632690e+00,-3.005978062357568259e+00,2.635521430736200155e-01,2.235178007307405193e-02,1.049215069590933060e-02
-1.396719815052526492e+01,5.238288776037970607e+00,-2.997212706114928960e+00,2.685370663626862053e-01,3.476336933449651612e-02,3.771496782806321030e-02
-1.422643901857500026e+01,5.197240075751924593e+00,-2.974955176206844243e+00,2.773909505888660365e-01,4.915764170104551523e-02,7.165268202202829118e-02
-1.448787669014710389e+01,5.147973522694751836e+00,-2.937347060736912763e+00,2.854085606977087575e-01,5.917977619820254803e-02,9.471242261511675364e-02
-1.477563458918588779e+01,5.079070954015715067e+00,-2.884469099888344434e+00,2.901363142858731647e-01,6.967253685963777088e-02,1.088241532014280338e-01
-1.503699105744704489e+01,5.002695388143628463e+00,-2.826568823235691141e+00,2.980814379830410976e-01,8.618370167357423950e-02,1.311994921832823902e-01
-1.529713356740451324e+01,4.907817473381650863e+00,-2.755176511892272639e+00,3.094572536177324640e-01,1.094035305286455012e-01,1.595889237827769203e-01
-1.555505471685018648e+01,4.790782467944000089e+00,-2.665650203682531139e+00,3.244725832514457342e-01,1.409926676207751417e-01,1.919746106102200589e-01
-1.580604954608046775e+01,4.644569829422792395e+00,-2.555476034555179243e+00,3.438674165332174515e-01,1.871278632557219213e-01,2.313611866821093377e-01
-1.602312213795407914e+01,4.483959943478611265e+00,-2.432148224186562846e+00,3.713548699557015498e-01,2.194981499493577626e-01,2.741245513055575178e-01
-1.624200135996133554e+01,4.266210382075335872e+00,-2.270940944067444178e+00,3.783662904782646441e-01,1.920193998079670061e-01,2.708476146475780055e-01
-1.642141517289612551e+01,4.018046231701037030e+00,-2.122344440478182381e+00,3.510009754019473571e-01,1.885287736929798508e-01,2.529355728640683698e-01
-1.657192468836121435e+01,3.734693998444762464e+00,-1.985702422110037002e+00,3.687888313361745163e-01,1.300492249440040882e-01,2.426123241225109639e-01
-1.667296094570712484e+01,3.466893821056976854e+00,-1.899165167988920544e+00,3.050629440617488863e-01,6.359651724069022294e-02,1.252599089451068848e-01
-1.675334971104583559e+01,3.204291342192096437e+00,-1.843364439260394061e+00,2.876825450417957453e-01,4.330950277737571213e-02,7.386527185416366659e-02
-1.681940712956893691e+01,2.944713786210383599e+00,-1.812689347317370636e+00,2.779928233577413921e-01,5.128317146770827034e-02,6.586360723400222494e-02
-1.687853730283807252e+01,2.683890015180141475e+00,-1.775070238420658475e+00,2.904563942582260028e-01,7.996437021668456602e-02,1.146857422246422148e-01
-1.692648803675270841e+01,2.412232797170895005e+00,-1.705772570347473982e+00,3.090419018248634631e-01,1.261379694001013574e-01,1.792939570426038687e-01
-1.695201556752177297e+01,2.125701543444946218e+00,-1.590691779658692573e+00,3.372515613131564782e-01,1.764365645663462934e-01,2.503668815937573067e-01
-1.694564255744554160e+01,1.863391164455588278e+00,-1.470261643540221375e+00,3.567926064632502281e-01,1.987480299199875233e-01,3.006860705592550587e-01
-1.689409442663971106e+01,1.567104943850706533e+00,-1.297050386359100305e+00,3.544715371084488087e-01,1.360371409786320651e-01,2.281310285291056339e-01
-1.678685321575953537e+01,1.266844436306927779e+00,-1.181984171132897110e+00,2.981409107992313290e-01,8.775361188070341933e-01,3.738828149917062249e-01
-1.667909821692639127e+01,1.022989448274194579e+00,-1.012049061211886869e+00,1.029065296470389024e+00,2.219605185850626494e+00,4.964386315933067562e-01
-1.634623875371811508e+01,7.914816851037171919e-01,-7.642426799014359062e-01,3.191522293254347442e-01,9.862392638577034687e-02,4.892991798133416448e-01
-1.615416625803497297e+01,6.100209148362338851e-01,-5.989912618784145604e-01,2.607534312625329198e-01,2.649248284869362355e-02,1.518810127119858966e-01
-1.593735529380048455e+01,4.653864149575985820e-01,-5.151973719497969784e-01,2.747020383833269630e-01,6.465009387128398122e-02,1.107409626420419735e-01
-1.570027757528866452e+01,3.388562195964746060e-01,-4.447789183237788602e-01,2.960976921864575950e-01,1.081393487426345890e-01,1.942851763293992895e-01
-1.547365538503781934e+01,2.387078889413185578e-01,-3.536775658286838153e-01,3.138930907195897069e-01,1.427235039179686193e-01,2.579230928143088630e-01
-1.520336914887854896e+01,1.548305397897435931e-01,-2.139828680222290447e-01,3.240896614802689646e-01,1.391933415867529222e-01,2.690756308679651543e-01
-1.492215455852383243e+01,1.121945545924223353e-01,-7.337403579953048760e-02,3.060043360710295590e-01,1.200034283814882946e-01,2.564711962676161083e-01
-1.462162928801505402e+01,1.041711791278596699e-01,5.442969407563696960e-02,3.070921437858246117e-01,9.052866947488423521e-02,2.071513131197419144e-01
-1.435431042405206448e+01,1.299831713985142301e-01,1.194789115595255580e-01,2.732683972884614731e-01,3.313705102635869371e-02,8.377671208092675459e-02
-1.409600065216859122e+01,1.658602013448486900e-01,1.502770909955875589e-01,2.620165619397152867e-01,1.037909025432473542e-02,9.948968423177842468e-03
-1.384272035522576516e+01,2.060904812020112331e-01,1.473520212971738408e-01,2.553169190316300075e-01,-2.384155590120944513e-03,-2.765238791476011884e-02
-1.359098617010098309e+01,2.432112287325480793e-01,1.333822970337064651e-01,2.541360816933950773e-01,-4.838670351806339046e-03,-3.456835936927298014e-02
-1.336427976803492079e+01,2.752027650812394199e-01,1.165031501547086346e-01,2.534955513672847993e-01,-6.788750814902500159e-03,-4.043624500156147578e-02
-1.311237740786260275e+01,3.038792429162882058e-01,9.650858915111526493e-02,2.527177530240882208e-01,-1.012652637984794157e-02,-5.013337075857101505e-02
-1.286035579307758958e+01,3.268897612196752789e-01,7.178504506667755802e-02,2.521951725431699765e-01,-1.280889708060453658e-02,-5.331871682672629370e-02
-1.260815073392962660e+01,3.433266743177441072e-01,4.682023785861733067e-02,2.524380400886758191e-01,-1.097569692355160852e-02,-4.225349259064302421e-02
-1.235544907876905540e+01,3.536604043596689451e-01,2.781315887588860572e-02,2.529500018387728089e-01,-6.530978361797408656e-03,-2.708171914615768727e-02
-1.207738988535364122e+01,3.596707645312378077e-01,1.514151335725596320e-02,2.532049740384854641e-01,-3.564524408612873910e-03,-1.420025868933669742e-02
-1.182403983979661177e+01,3.631465575494985387e-01,1.042987291543611902e-02,2.535119947463194690e-01,5.766652495472887260e-04,8.962432684570848136e-04
-1.157052376150790352e+01,3.660037935964197686e-01,1.288482021807970182e-02,2.537615407661952260e-01,4.348678695251698145e-03,9.379199867928789125e-03
-1.131694855151226164e+01,3.699189926893566849e-01,1.762682849578919159e-02,2.536829798367403743e-01,3.431411796670058145e-03,3.208510697615536440e-03
-1.106347285360218002e+01,3.747014569869406841e-01,1.755986462927998717e-02,2.534494316955308579e-01,-5.906591425541729990e-04,-7.513262009673891614e-03
-1.083506597169319718e+01,3.790433033362319293e-01,1.403694290530750968e-02,2.533635054558048827e-01,-2.513875004661557649e-03,-1.593629467543745959e-02
-1.058170700837287370e+01,3.821761357097628320e-01,5.269396120183048385e-03,2.532406762177229487e-01,-6.055258748535870435e-03,-2.513880911507759830e-02
-1.032838489995344844e+01,3.827372206639978458e-01,-6.849327957703780535e-03,2.532097746459751608e-01,-7.286721960908994211e-03,-2.018108169729814633e-02
-1.007507504141898202e+01,3.800864167983490916e-01,-1.449013872478543789e-02,2.533797026335049551e-01,-1.174454955813539333e-03,4.789830384009400796e-03
-9.796649479529845550e+00,3.761796287225322999e-01,-8.113963177148297845e-03,2.536418236354291977e-01,8.102091143366178805e-03,3.524793615266572783e-02
-9.543087496023456850e+00,3.753477532381133130e-01,1.095712111337302647e-02,2.538709928496322155e-01,1.598827043292221778e-02,6.298805243337120274e-02
-9.289487600647046150e+00,3.802756805019260611e-01,4.327366985321684512e-02,2.540678515105108670e-01,2.362932925795740297e-02,8.074058208712506235e-02
-9.036226257880077384e+00,3.945511087154223162e-01,8.285243145520385100e-02,2.539925128944568455e-01,2.362387277840642327e-02,5.992485959655290823e-02
-8.783721115365924703e+00,4.178981885868182644e-01,1.030935166152345955e-01,2.538005276014309031e-01,6.613366786360063733e-03,1.838179160999912085e-03
-8.531419235477450513e+00,4.442777243621165439e-01,9.682831949014855666e-02,2.541201117247674501e-01,-1.041119906622157629e-02,-5.504233991735792836e-02
-8.303353904622067461e+00,4.657462632440623196e-01,6.397026234056082949e-02,2.549278068754467497e-01,-2.594818546003884591e-02,-1.120262663014766902e-01
-8.049189504989991306e+00,4.785157129169386181e-01,6.454243015351002720e-03,2.563091482928694376e-01,-4.703302870368306771e-02,-1.466948255747977103e-01
-7.794265409654610899e+00,4.738331178342374272e-01,-6.593185310097010587e-02,2.561626216627048147e-01,-4.415913113680930424e-02,-1.161684071157488563e-01
-7.540723430318493570e+00,4.515986089871635301e-01,-1.173038771357119425e-01,2.548767125252249244e-01,-2.426670548587829199e-02,-5.430036103067252540e-02
-7.264028692084014693e+00,4.164598224738398358e-01,-1.396665598723096369e-01,2.539415509089871792e-01,-5.587602283665121447e-03,7.287192677210912843e-03
-7.012942285597892678e+00,3.808586358249712589e-01,-1.301616204432288204e-01,2.534983632361696992e-01,1.339680670776686143e-02,6.851314188020159179e-02
-6.761307344094551475e+00,3.500088759744315325e-01,-9.289661726974952904e-02,2.535842555800401632e-01,3.117419128124143679e-02,9.466172402440363454e-02
-6.508530805058192037e+00,3.302427303637855971e-01,-5.076727376801602742e-02,2.536450576621698816e-01,2.245524927486323638e-02,6.027690095462254205e-02
-6.255229521843895135e+00,3.200791990363356376e-01,-2.727043055311813638e-02,2.535187112541804622e-01,9.382196825785208208e-03,1.178013175295385129e-02
-6.001855524997049329e+00,3.140011215546110179e-01,-2.685184925566275194e-02,2.533818325168995522e-01,-6.613448209090530550e-03,-1.963910013713502864e-02
