9.994530935152347306e-02,-2.746748214206171873e-15,1.782455896153211983e+00,0.000000000000000000e+00,0.000000000000000000e+00,0.000000000000000000e+00
9.994530935152347306e-02,5.668643711457736593e-03,1.507802951909412936e+00,1.743082596778972315e-01,1.743082596778972260e+00,-1.548605126736960803e-02
9.994530935152347306e-02,2.307920589679984813e-02,2.542575529060446260e-01,3.452888162164891583e-01,1.709805565385919213e+00,-9.320580121028011755e-02
1.998971458752479280e-01,4.594653156870229932e-02,2.153199579383622830e-01,5.115646343643204252e-01,1.662758181478312558e+00,-1.038659944728479861e-01
2.998657237130151199e-01,6.330441680615349342e-02,1.235963112431524846e-01,6.719434297789886879e-01,1.603787954146682626e+00,-1.742957839031503420e-01
2.998657237130151199e-01,6.554961480230786508e-02,-4.826200360062933570e-02,8.528220610881902530e-01,1.808786313092015652e+00,-1.981524091938287602e-01
4.998562354775962779e-01,4.371162495087085181e-02,-1.472818164795516305e-01,1.500069571971885285e+00,6.472475108836950319e+00,-7.040266191857708078e-01
5.998732885750205357e-01,2.835353971004421839e-02,-2.261026099394316535e-01,1.680761754073073933e+00,1.806921821011886475e+00,1.166446841440677562e-01
7.999303257807307554e-01,-2.993861747009832902e-02,-1.042680492911198797e-01,1.872339174281714369e+00,1.915774202086404365e+00,2.041224158844158476e-01
9.999965399814167988e-01,-2.363111187614982608e-02,9.419175279970257164e-03,2.049042620534794690e+00,1.767034462530803207e+00,3.216369216087126559e-01
1.200079345225391947e+00,-3.156040248509905249e-02,9.152684921659980100e-02,2.234558607915768214e+00,1.855159873809735238e+00,1.979254361418089914e-01
1.500305936703167475e+00,1.635671827276836965e-02,7.908110677305388303e-02,2.427876073972786486e+00,1.933174660570182724e+00,1.749283050009464435e-01
1.700500631847804867e+00,1.226602493962114515e-02,-1.558300047924582495e-02,2.628007100894913517e+00,2.001310269221270310e+00,-4.634267277215192715e-03
2.000753927043680047e+00,3.422114305220502924e-03,-9.736293874697425632e-03,2.833964278149952332e+00,2.059571772550388147e+00,4.907264329254607677e-02
2.300796473753870419e+00,5.626570396914853424e-03,-2.193293478304042532e-02,3.022472836425649678e+00,1.885085582756973466e+00,9.947808408577436812e-02
2.600453638850786398e+00,-9.543674658190571744e-03,-4.799920435325805840e-02,3.215488552353540808e+00,1.930157159278911294e+00,9.051090804087458253e-02
2.999864679883064156e+00,-3.184715256233099784e-02,-5.758329648089186015e-03,3.411547860770357765e+00,1.960593084168169575e+00,1.574495547063657908e-01
3.300138944033183197e+00,-1.584265392657511692e-02,9.186839641715849325e-03,3.607134560247265753e+00,1.955866994769079881e+00,2.431937352656485252e-01
3.703009035586654285e+00,-2.967559171334575169e-02,1.199649597518789856e-02,3.802004526448076405e+00,1.948699662008106515e+00,1.161376341577941562e-01
4.107918031188368957e+00,-8.862095161026463386e-03,2.403520838380079905e-02,3.993004251657022774e+00,1.909997252089463693e+00,1.978554808727711334e-01
4.510258482291943594e+00,-1.067471293700512913e-02,-2.894805304672964930e-02,4.175669521390751981e+00,1.826652697337292075e+00,1.737365710807698971e-01
4.908630461009248158e+00,-3.688067583553046591e-02,-7.704570457649007054e-02,4.347225363490008654e+00,1.715558420992566724e+00,2.204171469017249529e-01
5.407289443467026224e+00,-8.487984542060544868e-02,-1.087016595415913889e-01,4.507096460382351566e+00,1.598710968923429121e+00,2.565912272619518819e-01
5.809298221255628114e+00,-1.139354958298138543e-01,-1.090666623988332251e-01,4.666405558821910660e+00,1.593090984395590937e+00,9.168598759426349609e-02
6.310497822040715299e+00,-1.590181168318518801e-01,-1.468859125739737648e-01,4.837418829983176849e+00,1.710132711612661893e+00,-1.957744185381520841e-01
6.813601942714915261e+00,-2.257385625378705019e-01,-1.061682582615378623e-01,5.032443467325474096e+00,1.950246373422972468e+00,-3.256341388590415775e-01
7.421713388878007578e+00,-2.466986881128030995e-01,1.194214490571465781e-02,5.251183636875548011e+00,2.187401695500739152e+00,-2.688288582049263575e-01
8.022157548529223803e+00,-2.117476908541709724e-01,6.481568084200466096e-02,5.491638047913340870e+00,2.404544110377928590e+00,-3.191392959074329516e-01
8.620926380268699063e+00,-2.149405416370046562e-01,1.076659238701743390e-02,5.729782669088480773e+00,2.381446211751399034e+00,-2.113153239973730169e-01
9.135431649051730219e+00,-2.292426701687010904e-01,-1.191586285039691884e-02,5.936783909319162333e+00,2.070012402306815602e+00,2.577028113991551850e-01
9.653724638393324398e+00,-2.332558736808359179e-01,-8.157612189113261358e-03,6.095904921782729247e+00,1.591210124635669132e+00,5.125769967921124382e-01
1.007000346945779334e+01,-2.405012447467419490e-01,2.900643019621229612e-03,6.187699109086482352e+00,9.179418730375310531e-01,6.202251045524180828e-01
1.063241698646718802e+01,-2.648649575981747439e-01,4.742512347107386006e-02,6.222983142358307518e+00,3.528403327182516591e-01,6.961427128444944712e-01
1.115128081000370486e+01,-1.981538870303266586e-01,2.642277311202390067e-02,6.175535429378082419e+00,-4.744771298022509853e-01,7.215826833668071982e-01
1.160237633210548225e+01,-2.758342439237142507e-01,-2.919000374930194042e-01,6.011165800973319762e+00,-1.643696284047626577e+00,6.961130226641240037e-01
1.202102088828884874e+01,-3.742602775721135533e-01,-1.187824663855967522e-01,5.830898925989064452e+00,-1.802668749842553098e+00,7.362903098392200585e-01
1.257731274002245137e+01,-3.502987448895629186e-01,5.889325833958602985e-02,5.675905192700810176e+00,-1.549937332882542762e+00,5.662455934217198728e-01
1.318592992420661325e+01,-2.836135706757250685e-01,1.733988146517444484e-01,5.539282953884354654e+00,-1.366222388164555213e+00,2.429201301477541906e-03
1.377138752402420785e+01,-1.704745020662603028e-01,1.773005459298633291e-01,5.427371901814649569e+00,-1.119110520697050859e+00,-3.140557803916844970e-02
1.427154167131369178e+01,-1.025350651848245531e-01,1.027899855676746022e-01,5.319229846881596835e+00,-1.081420549330527336e+00,-3.456124770024574661e-02
1.487587555030010478e+01,-7.793074129197108402e-02,4.612118409268051167e-02,5.212300635000287841e+00,-1.069292118813089942e+00,1.518683060030670828e-01
1.537747123359516088e+01,-4.426662926463631464e-02,8.910637477764593584e-02,5.101387155324523803e+00,-1.109134796757640373e+00,3.218306069737689179e-01
1.588066523609660585e+01,2.082435118570466828e-02,2.048967034264048692e-02,4.990552739555855766e+00,-1.108344157686680376e+00,2.954938226087872044e-01
1.638645400294494081e+01,-1.807933536336326155e-02,-4.865143666228988195e-02,4.881862855292467884e+00,-1.086898842633878814e+00,8.887419636196486339e-02
1.689241370334719861e+01,-9.264823761385706374e-03,-3.113996057908474668e-02,4.781162543885683291e+00,-1.007003114067845928e+00,2.098106215002814856e-01
1.739261080199719700e+01,-2.921021398981189093e-02,-4.740354036407934402e-02,4.700368839023212786e+00,-8.079370486247050565e-01,-1.777291441881679590e-01
1.779337677464892309e+01,-4.900683282738089314e-02,-1.769140729637750376e-01,4.651711693109549017e+00,-4.865714591366376851e-01,-4.626669381330709707e-01
1.831306495040463744e+01,-1.709033523242825814e-01,6.057186992082428389e+00,4.649757354630114747e+00,-1.954338479434269971e-02,-6.231552389188609320e-01
1.882947268437863286e+01,-2.476411237092010775e-01,-1.330669692668835502e-01,4.698600994327931879e+00,4.884363969781713166e-01,-5.415126118342563633e-01
1.944465826092031691e+01,-2.501823174300937813e-01,7.345406934903397911e-02,4.816184199594998994e+00,1.175832052670671146e+00,-6.811229008476715752e-01
2.006789812697585873e+01,-1.637632718343038918e-01,2.013771436309006457e-01,5.001007622850333512e+00,1.848234232553345180e+00,-6.654208993734577193e-01
2.057742362324357543e+01,-6.833419728772921475e-02,2.034832788135869652e-01,5.183268674942240750e+00,1.822610520919072385e+00,-7.056655384438895728e-01
2.117885546945649722e+01,-1.904522932886382885e-02,8.632539605728473120e-02,5.402489034754381692e+00,2.192203598121409414e+00,-3.191862382946762389e-01
2.167205613068814785e+01,-3.901664148736910809e-02,-2.728644376797317861e-02,5.574242936822363603e+00,1.717539020679819117e+00,5.624848243376134871e-01
2.230697770199065388e+01,-9.644869878504913618e-02,-8.790294465808523583e-02,5.683696585437948201e+00,1.094536486155845978e+00,6.684532881196828535e-01
2.286358474477169977e+01,-1.170207815711236804e-01,5.637801212134530005e-03,5.741526185382303638e+00,5.782959994435543649e-01,7.365775051355680780e-01
2.340063514509058251e+01,-5.275037271654997584e-02,2.771007656679724818e-02,5.756483111801164121e+00,1.495692641886048335e-01,7.208001211919727869e-01
2.386952417839356499e+01,-1.157875691652564265e-01,-2.511565879904953391e-01,5.655806681078715314e+00,-1.006764307224488064e+00,5.421861569140079551e-01
2.435983180316131680e+01,-2.641467312707624360e-01,-2.797408049339780156e-01,5.538141604137257090e+00,-1.176650769414582243e+00,7.226470048133964985e-01
2.489324781137580445e+01,-3.446604187819901077e-01,-1.862731839671978307e-01,5.437752204365903452e+00,-1.003893997713536379e+00,3.948448275525336393e-01
2.572276262602530750e+01,-3.479252924866130248e-01,1.330458431263581431e-01,5.381998671590140226e+00,-5.575353277576322597e-01,-2.913255623987856535e-01
2.631950644047248744e+01,-2.580201972205790617e-01,2.370379354551368500e-01,5.377807725120933746e+00,-4.190946469206480174e-02,-6.218002073628876580e-01
2.692715379293835909e+01,-1.271600940854236694e-01,2.003778468884602759e-01,5.420058575499373532e+00,4.225085037843978597e-01,-5.036097851504885980e-01
2.753480330346351579e+01,-6.776459734087675324e-02,5.278353250091294413e-02,5.479289149854384533e+00,5.923057435501100088e-01,-4.080698698086605569e-01
2.802989125521963842e+01,-7.184841435045868918e-02,-4.772988982619708054e-02,5.548460230208092092e+00,6.917108035370755914e-01,-2.373020745289949329e-01
2.864255015890806177e+01,-1.167418516344260054e-01,-1.231566486784467784e-01,5.631780069610242023e+00,8.331983940214993112e-01,-2.102350832195771790e-01
2.926501626518883015e+01,-1.987918396047917979e-01,-1.386378083345456425e-01,5.742898721548931107e+00,1.111186519386890836e+00,-2.989593978579610511e-01
2.993650385880439302e+01,-2.211266052679986549e-01,1.260959692167786805e-01,5.913519800424131390e+00,1.706210788752002827e+00,-3.610156173759550002e-01
3.053141603743909727e+01,-1.316392952380990300e-01,2.361175727536433122e-01,6.077880854275761635e+00,1.643610538516302455e+00,-4.544047935349813661e-01
3.116295875911669810e+01,3.440100628568169491e-03,1.742768020402922780e-01,6.267900608810675678e+00,1.900197545349140427e+00,-1.541835925044163780e-01
3.179167781325959297e+01,5.350134531167807794e-02,4.850038220093377817e-02,6.439799365432534728e+00,1.718987566218590501e+00,7.209398707069494816e-02
3.249102736758761267e+01,3.825131661830652452e-02,-6.308537313456108464e-02,6.577806896046014096e+00,1.380075306134793678e+00,3.274538108134870118e-01
3.308336119237464601e+01,-4.088355413139517502e-03,-1.323894085926227149e-01,6.669449486670159466e+00,9.164259062414537027e-01,4.627337461310807587e-01
3.379836186294267719e+01,-9.590305814801160234e-02,-6.831505515208613488e-02,6.738093995915793499e+00,6.864450924563403333e-01,3.531384704229537652e-01
3.439966026106372965e+01,-8.094549157926798910e-02,4.360590784209161797e-02,6.802689929411608993e+00,6.459593349581549404e-01,2.635011052265918696e-01
3.510127927645644519e+01,-5.479653459842019625e-02,1.523227591338738307e-02,6.859114584664850689e+00,5.642465525324169562e-01,1.407719478740108998e-01
3.581820424900683264e+01,-7.422170491766905132e-02,1.104889953896570631e-03,6.901190135571522610e+00,4.207555090667192133e-01,2.234682919186238848e-01
3.641563700517168201e+01,-6.363633927607753593e-02,9.896907998425685804e-03,6.919329915562333788e+00,1.813977999081117787e-01,3.802336011738261523e-01
3.711030262791381773e+01,-9.013893484173242376e-02,-7.059834208247051102e-02,6.889712537976293127e+00,-2.961737758604066073e-01,3.672607890100356154e-01
3.783104381260817206e+01,-1.344173926387301210e-01,-6.120343950246520670e-02,6.852864781218435120e+00,-3.684775675785800786e-01,3.177691409500345565e-01
3.844345082992735740e+01,-1.697396574552884896e-01,4.050224261008872340e-02,6.803762396563089787e+00,-4.910238465534533248e-01,2.875800557294056481e-01
3.903661045497667459e+01,-1.248506995786042989e-01,8.205309867779253530e-02,6.730951612581488774e+00,-7.281078398160101273e-01,3.865440981232795004e-01
3.964972307483093061e+01,-6.857319961064950453e-02,-4.735253226212787769e-02,6.639439993184947042e+00,-9.151161939654173239e-01,4.691117945429039149e-01
4.027681351648034536e+01,-1.803024856459514158e-01,-1.828183900349411584e-02,6.480215626398082129e+00,-1.592243667868649126e+00,6.129890773964219441e-01
4.087433896202884398e+01,-1.466270782677993878e-01,9.586693298498188964e-02,6.315055956170063212e+00,-1.651596702280189177e+00,4.693345444284592882e-01
4.146621529864628997e+01,-9.329436680175565155e-02,-3.258797034017837935e-03,6.139378845880482771e+00,-1.756771102895804404e+00,3.818198482358883816e-01
4.207283035253108494e+01,-1.271537055357618295e-01,-3.805466865961136536e-02,5.964406755724563247e+00,-1.749720901559195241e+00,1.366772377304135977e-01
4.267816797290074504e+01,-1.154965285823396359e-01,-4.332117149818205670e-02,5.812410206864793594e+00,-1.519965488597696535e+00,1.397861177328410809e-01
4.317678622441538039e+01,-1.730950399205780921e-01,-2.336644363002203170e-02,5.679222878794029761e+00,-1.331873280707638330e+00,-4.302557732601998419e-02
4.377487122247106299e+01,-1.365955584568792069e-01,7.282106574937773080e-02,5.565984565855904620e+00,-1.132383129381251408e+00,1.324212809493996168e-01
4.427510319669519134e+01,-9.956135438437190011e-02,3.619194964646447327e-02,5.471405701693270451e+00,-9.457886416263416862e-01,-1.144740851553753269e-01
4.487574912458488541e+01,-1.020143081229338278e-01,-4.141556810314324377e-02,5.393392916940304538e+00,-7.801278475296591353e-01,-1.148127967951769191e-01
4.537575629574683234e+01,-1.394343802276437339e-01,-6.015486604460477948e-02,5.332012818323995873e+00,-6.138009861630866482e-01,8.803269258247075485e-03
4.597557536098809550e+01,-1.636033849710031574e-01,-3.074764252280438523e-03,5.288219427968089192e+00,-4.379339035590668061e-01,1.198657139840066527e-01
4.647558266445421538e+01,-1.465840314869875372e-01,3.961524355756185223e-02,5.260210700662270256e+00,-2.800872730581893677e-01,7.716065401509540622e-02
4.697568445004974080e+01,-1.267842536341551030e-01,3.151919353076424596e-02,5.243189747750307994e+00,-1.702095291196226157e-01,2.126618358363781963e-02
4.747638091230534485e+01,-1.152409599423494801e-01,-1.525072970988208126e-02,5.236646496119046645e+00,-6.543251631261348678e-02,-3.142928915876908730e-02
4.807644463089246756e+01,-1.321097970857136317e-01,-5.907262851448928653e-02,5.235375509888485546e+00,-1.270986230561099717e-02,-1.229909986454714443e-01
4.857541982810806047e+01,-1.717861247045673889e-01,-8.065364995751750365e-03,5.252234392739293156e+00,1.685888285080761051e-01,-9.347833935491114965e-02
4.907578803039565685e+01,-1.528498771427056480e-01,5.715839419485497369e-02,5.291248646395598776e+00,3.901425365630561970e-01,6.097431570960119146e-02
4.967638071133480082e+01,-1.255875723565863245e-01,-1.374513656259074984e-02,5.341571919189126660e+00,5.032327279352788452e-01,2.898586164424039359e-03
5.017650111495896681e+01,-1.562201505410845681e-01,-6.838465237461130442e-02,5.395624333069210188e+00,5.405241388008352743e-01,-3.144034965527991998e-02
