9.994530935152347306e-02,-9.993838580527281888e-16,7.242040635498830925e-01,0.000000000000000000e+00,0.000000000000000000e+00,0.000000000000000000e+00
9.994530935152347306e-02,7.771387045663325811e-03,-5.383203664763117624e-01,1.743082596778972315e-01,1.743082596778972260e+00,-1.548605126736960803e-02
1.998971458752479280e-01,-4.929068660866875451e-02,-3.878009501141204129e-01,8.391902665114586712e-01,6.648820068335614231e+00,-4.704952184097731527e-01
2.998657237130151199e-01,-6.183391446358223187e-02,-5.552559176201617153e-02,9.960370569718404177e-01,1.568467904603817464e+00,2.024681335305563157e-01
3.998525742856401388e-01,-5.088979223510594480e-02,1.673834931984501118e-02,1.170495947550255655e+00,1.744588905784152377e+00,2.465484217073928008e-01
5.998732885750205357e-01,-5.456122951895452794e-02,7.128508905281397134e-03,1.808788952911622339e+00,6.382930053613666388e+00,-3.160984505216331009e-01
7.999303257807307554e-01,-4.768683494088546415e-02,9.378656419504306785e-02,1.978334886233318102e+00,1.695459333216957631e+00,2.689153816870892277e-01
9.999965399814167988e-01,-1.445655750124573771e-02,1.153773654355546852e-01,2.156904951218812538e+00,1.785700649854944366e+00,1.707525701727429790e-01
1.200079345225391947e+00,-1.537399676217513682e-03,6.461912338302720771e-02,2.343022272152118557e+00,1.861173209333060186e+00,3.811840037609450643e-02
1.400217418243194345e+00,8.530882331486472001e-03,8.885553045335546629e-02,2.409546888821414434e+00,6.652461666929587736e-01,1.358257577975564290e-01
1.700500631847804867e+00,3.920188140650780056e-02,8.754827847133864194e-02,2.610519836730158083e+00,2.009729479087436488e+00,-6.357602158789533997e-02
2.100801771753085578e+00,6.145431230272750678e-02,-2.691335854858246945e-02,2.817409615514799182e+00,2.068897787846410985e+00,-8.235323557109976156e-02
2.400726684442712866e+00,2.657615844656932222e-02,-5.596164716036053366e-02,3.029019062109848281e+00,2.116094465950490999e+00,-6.562024598211073367e-02
2.700280536735327530e+00,2.940873165938357944e-02,-1.759437219147313991e-02,3.243677423029544205e+00,2.146583609196959230e+00,1.541870585187671561e-01
2.999864679883064156e+00,1.580292981763200405e-02,8.450483006220033122e-03,3.439838149799405720e+00,1.961607267698615154e+00,1.282612453244904582e-01
3.400523595241181418e+00,3.154196111640499706e-02,-2.074194768438900049e-02,3.635233222903763384e+00,1.953950731043576639e+00,1.769440621763636590e-01
3.804236687084828539e+00,-3.651669222830972172e-05,-1.659545017998304006e-02,3.829649738742713971e+00,1.944165158389505876e+00,1.309553618071323811e-01
4.107918031188368957e+00,1.686627574994179965e-02,6.940262853570683399e-02,4.019964906503039614e+00,1.903151677603256431e+00,2.685913894209046582e-01
4.510258482291943594e+00,4.177265527772983100e-02,9.997701556069105155e-03,4.201744467984550369e+00,1.817795614815107541e+00,1.955058652437870192e-01
5.007979835710276717e+00,3.184977274048966106e-03,-1.297056217047542481e-01,4.372242423190872529e+00,1.704979552063221604e+00,1.536322642033424724e-01
5.407289443467026224e+00,-5.739727867335005923e-02,-1.227835005703094007e-01,4.530911251282565999e+00,1.586688280916934701e+00,2.624315756154391166e-01
5.909776901431478713e+00,-9.474563771498673015e-02,-1.087218681763545414e-01,4.688900159892538611e+00,1.579889086099726114e+00,1.055196401157602742e-01
6.410629274781394216e+00,-1.345842961936564719e-01,-1.520960385248316671e-01,4.858500314196470882e+00,1.696001543039322712e+00,-2.075157342713795650e-01
7.016296157868174177e+00,-2.210286455142442263e-01,-7.485319711959162459e-02,5.052042331525034236e+00,1.935420173285633538e+00,-4.156266885640987341e-01
7.623162631558063396e+00,-2.175534094969138466e-01,6.956429495543828279e-03,5.269252154420751566e+00,2.172098228957173305e+00,-2.323446371598746618e-01
8.221197252050645332e+00,-2.261750571739700733e-01,7.254174791419683299e-02,5.508148568294171099e+00,2.388964138734195330e+00,-3.249574286856258265e-01
8.721850515234251588e+00,-1.846051358496250405e-01,3.512280200133495456e-02,5.744725886817566796e+00,2.365773185233956966e+00,8.094636061109096448e-02
9.344573017761227618e+00,-2.419949375199317576e-01,-3.953638799579572982e-02,5.950167122484388393e+00,2.054412356668215978e+00,2.442996743023377604e-01
9.858724052595924547e+00,-2.420934470030819963e-01,-6.636848195937816719e-02,6.107750298708828574e+00,1.575831762244401801e+00,6.058689843813087617e-01
1.029184617823801062e+01,-2.842918540190399468e-01,-2.374758264063703272e-02,6.160232846553010511e+00,5.248254784418193708e-01,6.522031347346931573e-01
1.085200588826444168e+01,-2.868897323661461218e-01,5.380598316725526686e-02,6.170282009207326723e+00,1.004916265431621269e-01,7.647397381898168867e-01
1.124196040093445781e+01,-2.289085821128830078e-01,1.237098264936129510e-01,6.122923557537769845e+00,-4.735845166955687802e-01,7.325519636204824714e-01
1.170107171409091507e+01,-2.606833744146126453e-01,-2.194004200801686899e-01,5.959160383031012032e+00,-1.637631745067578137e+00,6.987562495384370687e-01
1.224569447844623227e+01,-3.858071635412051448e-01,-1.078572800717800817e-01,5.790260867099921605e+00,-1.688995159310904270e+00,6.138367724614232079e-01
1.288850838554545497e+01,-3.361556239041929572e-01,1.047536410891964920e-01,5.636539140852463881e+00,-1.537217262474577240e+00,4.568588226242938921e-01
1.347779501993580098e+01,-2.764086059289725394e-01,-6.104587881916602399e+00,5.519127756200036039e+00,-1.174113846524278415e+00,-5.465246767272147199e-02
1.397024321318958151e+01,-1.637120734348176398e-01,1.664561795828523039e-01,5.408642218210410135e+00,-1.104855379896259038e+00,7.925407107488950664e-02
1.447319338699794500e+01,-1.181695402983392457e-01,1.225485446147391855e-01,5.301970422785471371e+00,-1.066717954249387645e+00,-4.281368309977845454e-02
1.497625629400159220e+01,-5.126552939316790514e-02,1.144719146839916490e-01,5.194770290182389338e+00,-1.072001326030820323e+00,2.096796226148691655e-01
1.547789240501446706e+01,-5.886084941302447207e-03,4.309826657694681984e-02,5.085394420323424036e+00,-1.093758698589653022e+00,1.971171319570210745e-01
1.598164985414021189e+01,-8.635156718587999602e-03,-8.091641224795775855e-03,4.976103780739885352e+00,-1.092906395835386846e+00,1.899781217812956391e-01
1.648778573643904721e+01,-1.043571592070668616e-02,-4.400712115366633981e-02,4.868947784631274089e+00,-1.071559961086112622e+00,2.949314655693333620e-01
1.699305119713581647e+01,-3.283284855673886810e-02,-1.184854964036752278e-03,4.769757123270400356e+00,-9.919066136087373309e-01,6.548567966144813735e-02
1.749211300124113322e+01,5.715523169991777730e-03,-3.092316243294845890e-02,4.718560933164207327e+00,-5.119619010619302912e-01,-1.842186413647305399e-01
1.789586795408519393e+01,-6.157069651160787527e-02,-1.910602738833726555e-01,4.713652962510950672e+00,-4.907970653256654714e-02,-5.993155519739417070e-01
1.841749276155289294e+01,-1.558514970143710654e-01,6.081609864673582777e+00,4.711488641202373095e+00,-2.164321308577576985e-02,-5.798892345096146039e-01
1.893113055618962903e+01,-2.328126258885329369e-01,-1.997805461713149100e-01,4.759525983488239298e+00,4.803734228586620247e-01,-5.966252637677603721e-01
1.954894168021016654e+01,-3.013070785006040087e-01,4.875163183750697016e-03,4.875774271192947928e+00,1.162482877047086305e+00,-6.924468109847689012e-01
2.016984176154322839e+01,-2.125099295318050585e-01,2.413522147081825775e-01,5.058800367926179931e+00,1.830260967332320021e+00,-5.462349763883169729e-01
2.078152767036420201e+01,-5.406339319723373060e-02,3.245244554124762093e-01,5.279953950985674105e+00,2.211535830594941743e+00,-6.178641785079131976e-01
2.127579355702151176e+01,5.263786940865645969e-02,1.727222943912818387e-01,5.495857961100719891e+00,2.159040101150457858e+00,-2.464537745847174555e-01
2.187878303854154893e+01,2.266335759781407805e-02,-1.183271488820536455e-01,5.663693459177853384e+00,1.678354980771334937e+00,4.200235591035578198e-01
2.241669242431756359e+01,-6.153357655883624766e-02,-6.429091101238260109e-02,5.768726038978118531e+00,1.050325798002651467e+00,7.293855126661562549e-01
2.308499406653602648e+01,-1.129265755819971739e-01,-2.988712686145600372e-02,5.821726382453285886e+00,5.300034347516735522e-01,7.782215939943227800e-01
2.359524151281195259e+01,-7.511623157324290312e-02,-3.500160763123583152e-02,5.778737574695989920e+00,-4.298880775729596593e-01,7.402564288840250972e-01
2.405701132661777564e+01,-1.562252056131788192e-01,-2.794582479622034210e-01,5.673685076207122258e+00,-1.050524984888676627e+00,6.891302962296900203e-01
2.457213858260146111e+01,-2.756105709856981334e-01,-2.863504149083293537e-01,5.551902754324602896e+00,-1.217823218825193621e+00,5.912481817160604169e-01
2.520886355761123809e+01,-3.886621432585676272e-01,-7.954333964304582949e-02,5.447670222604420687e+00,-1.042325317201822088e+00,8.735587758744212117e-02
2.602294496423864700e+01,-3.088276244881690835e-01,2.467718186249738821e-01,5.440145511360906738e+00,-7.524711243513948489e-02,-3.454168034193327297e-01
2.662052441266579450e+01,-1.695162983045745697e-01,3.058994153895406853e-01,5.478772595580069904e+00,3.862708421916316581e-01,-6.023272794068199598e-01
2.713218140995210348e+01,-5.142973290022359589e-02,1.557928841863134295e-01,5.515756854504576090e+00,3.698425892450618591e-01,-6.007503816757200354e-01
2.773283441474770683e+01,-2.391140112679480609e-02,6.266455772058876050e+00,5.569290513760995154e+00,5.353365925641906387e-01,-3.695674626666628493e-01
2.833161230191034363e+01,-5.949274775981155949e-02,-1.262025601276151043e-01,5.632434356886903970e+00,6.314384312590881621e-01,-2.150801942473059558e-01
2.885275844214515217e+01,-1.606944849864510583e-01,-1.846680539394927045e-01,5.709489941517246869e+00,7.705558463034289929e-01,-2.186731016674777484e-01
2.946256599283498900e+01,-2.220245933315080911e-01,-1.245903152925560420e-01,5.814193665442239478e+00,1.047037239249926088e+00,-1.974383471127644507e-01
3.022727208760264972e+01,-1.992148678905448222e-01,2.293548524490498508e-01,5.978328359666178926e+00,1.641346942239394480e+00,-4.485182551100769799e-01
3.084532157227430460e+01,-5.321055553658814163e-02,2.233884534587051718e-01,6.169139915482268144e+00,1.908115558160892178e+00,-3.058905505490456256e-01
3.147974567013726244e+01,1.708208384200801677e-02,1.058046770373808343e-01,6.342738900190468598e+00,1.735989847082004545e+00,-1.042616110517657763e-01
3.219589766055168667e+01,4.805046915951267233e-02,7.469971595028823685e-04,6.483247240734075767e+00,1.405083405436071686e+00,2.441261047777343041e-01
3.288338812499166863e+01,-9.310142634978311668e-03,-1.763753585073501995e-01,6.578086156848455879e+00,9.483891611438011182e-01,4.244851205439655328e-01
3.359390981972492796e+01,-1.377834087324037449e-01,-1.126673627499021890e-01,6.650520992333518677e+00,7.243483548506279845e-01,4.384540011027244222e-01
3.420065171121990488e+01,-1.081742330569769733e-01,2.928148889537451893e-02,6.719403949480642346e+00,6.888295714712366902e-01,3.906248683782096998e-01
3.489845372111248167e+01,-1.105783227291582960e-01,2.138905986859640507e-02,6.780519785819370426e+00,6.111583633872808008e-01,1.068606601256006094e-01
3.551184898399944956e+01,-8.691548730898390751e-02,6.569133756961997861e-02,6.827603347691435509e+00,4.708356187206508281e-01,2.461904747833062457e-01
3.621872811624896116e+01,-6.539979811060003811e-02,3.126943051372332860e-02,6.850986205429901332e+00,2.338285773846582316e-01,2.933367858117786331e-01
3.690900553800440775e+01,-6.873224340980187141e-02,-8.442702622779707511e-02,6.840668509343263537e+00,-1.031769608663779536e-01,3.733219084649911368e-01
3.752033844624784109e+01,-1.237600157014124153e-01,-8.186589918438524904e-02,6.810454773516893212e+00,-3.021373582637032484e-01,3.018877755564365328e-01
3.824171795550341812e+01,-1.618014751706844667e-01,-4.023770427054929044e-03,6.773862871987333278e+00,-3.659190152955993369e-01,2.888087779763741647e-01
3.883965703734794772e+01,-1.498719480346383248e-01,-1.636652436464181015e-02,6.705887149811446513e+00,-6.797572217588676580e-01,3.030505146016379547e-01
3.943672244608021060e+01,-1.879745307298137103e-01,8.780916462208532280e-02,6.618977730667748638e+00,-8.690941914369787469e-01,4.433971877483307011e-01
3.997150794152465636e+01,-2.266376784835098523e-01,-1.197863895189414940e-01,6.459963193564678186e+00,-1.590145371030704524e+00,6.484621006949247146e-01
4.057790548569734312e+01,-1.981211312989167028e-01,1.356444106389569360e-01,6.305998962279231179e+00,-1.539642312854470063e+00,5.931920498053675495e-01
4.116883729797437041e+01,-1.028156108445606454e-01,8.012794685741246592e-02,6.134085257869626773e+00,-1.719137044096044065e+00,3.063378117480359264e-01
4.176811887001912282e+01,-9.605602793102303860e-02,-2.843877715410655233e-02,5.962553168885794896e+00,-1.715320889838318763e+00,1.754705699732863056e-01
4.227578839419773260e+01,-1.026749803014826018e-01,-6.164085214922313677e-02,5.802484628999959426e+00,-1.600685398858354702e+00,1.344833003442537089e-01
4.287796833174888889e+01,-1.543238415933642915e-01,-4.487913300577444503e-02,5.659957165505549170e+00,-1.425274634944102559e+00,3.675515386329280404e-02
4.347548631594793278e+01,-1.535651648270109082e-01,-1.033030836146853204e-02,5.536816544677201968e+00,-1.231406208283472026e+00,1.167585239454808355e-01
4.397482842991998808e+01,-1.687827217184358353e-01,3.976636882395800238e-02,5.434044331598419930e+00,-1.027722130787820376e+00,-3.302700592419951370e-02
4.457550482950686899e+01,-1.109411570216992660e-01,5.281146928886659014e-02,5.350204359651769437e+00,-8.383997194665049335e-01,5.172352171706925961e-02
4.507579737945699350e+01,-1.119110895861193111e-01,2.756699024146593621e-03,5.283068591313603513e+00,-6.713576833816592426e-01,-1.436805350252685909e-01
4.557568811084595950e+01,-1.078889966765219782e-01,-2.009572713648779402e-02,5.232581050726881955e+00,-5.048754058672155764e-01,-2.650760838967190433e-02
4.607556766320623609e+01,-1.294135104789385926e-01,2.280955968159045083e-02,5.199585280273574028e+00,-3.299577045330792657e-01,-1.588996947214228045e-02
4.657558979215318828e+01,-8.953236689181265362e-02,1.520564500251831916e-02,5.182180752357039566e+00,-1.740452791653446241e-01,8.762611055601535193e-02
4.707576243299822494e+01,-1.175168555851172775e-01,-5.849150134541845208e-02,5.175483878378486224e+00,-6.696873978553341544e-02,-7.785453386147934973e-02
4.767665270739572492e+01,-1.514751621472338883e-01,-2.191090016336699753e-02,5.178909356481010917e+00,3.425478102524692758e-02,1.145141707537910974e-01
4.817622235298802025e+01,-1.324919441925182795e-01,-6.196571829996556403e-03,5.200559718765670247e+00,2.165036228465933021e-01,-7.596631041418119325e-03
4.867537526714742313e+01,-1.544412359869272444e-01,3.351689751306714121e-02,5.244403050652178599e+00,4.384333188650835211e-01,-1.790715117934534029e-01
4.917595014056569624e+01,-1.117674489242616587e-01,2.181730211666065011e-02,5.291269303212490449e+00,4.686625256031184961e-01,3.380444293846453924e-02
4.967638071133480082e+01,-1.444588479239155010e-01,-2.397854707354827447e-02,5.348659168451455947e+00,5.738986523896549841e-01,-7.364900913275547467e-02
5.017650111495896681e+01,-1.330895980147664137e-01,1.852044433512377644e-02,5.409000643039809653e+00,6.034147458835370514e-01,1.393790540348754659e-01
