-5.420504513553158432e+00,2.920393000842160802e-01,-1.020274333120213761e+00,0.000000000000000000e+00,0.000000000000000000e+00,0.000000000000000000e+00
-5.401017279031860241e+00,2.602920149878926726e-01,-2.876912240929362929e-01,1.743082596778972315e-01,1.743082596778972260e+00,-1.548605126736960803e-02
-5.289476509840423724e+00,2.532680953898933662e-01,-1.358308556935904077e-01,8.391902665114586712e-01,6.648820068335614231e+00,-3.606687292383466414e-01
-5.218855302573585320e+00,2.353954954164211855e-01,-1.705606081188426049e-01,1.023448001280367059e+00,1.842577347689083878e+00,1.375045413351233814e-01
-5.058727294911172123e+00,2.135252339963137902e-01,-1.438201449329049204e-02,1.663874097999335167e+00,6.404260967189681075e+00,-3.638203110207514634e-01
-4.838197442134336335e+00,2.299204910578208638e-01,-6.583907598653157599e-04,1.844203823797941677e+00,1.803297257986065105e+00,3.234926264945796603e-01
-4.620988987840432216e+00,2.132370310980560846e-01,-7.787007868361300877e-02,2.033820612637009528e+00,1.896167888390678513e+00,9.192581009896089173e-02
-4.371066425672076150e+00,1.934712592513203877e-01,-8.434687803954214746e-02,2.231110828424349712e+00,1.972902157873401841e+00,7.065645631737138554e-02
-4.113546306269223685e+00,1.703340338665369214e-01,-3.743368001113536042e-02,2.435059577842012324e+00,2.039487494176626114e+00,8.217300383637038408e-02
-3.842187627452357201e+00,1.736641269075791250e-01,6.721334768918940487e-03,2.522747812689225544e+00,8.768823484721322004e-01,1.358944665211020697e-01
-3.573048906750226905e+00,1.739669525379233250e-01,1.420605643662872786e-02,2.716716967438937758e+00,1.939691547497122137e+00,6.706877799027054221e-02
-3.280664905927458630e+00,1.816416870431252495e-01,-1.903712828950678698e-02,2.916241361073363070e+00,1.995243936344253122e+00,7.150815639337224083e-02
-2.984440527902379348e+00,1.627601854615707277e-01,1.252778319611633218e-01,3.120233643577632332e+00,2.039922825042692622e+00,9.362723317447788074e-02
-2.612873361251042859e+00,2.657415946454827482e-01,2.445907494865885434e-01,3.327124411000948356e+00,2.068907674233160243e+00,1.902061220639150174e-01
-2.250658549511981743e+00,3.459032750799494460e-01,1.680311610112099618e-01,3.533303658081399679e+00,2.061792470804513222e+00,-3.826164744828730591e-02
-1.839043634267865102e+00,3.970068353067689459e-01,1.192446139334929767e-01,3.738445226147057987e+00,2.051415680656583085e+00,-5.896468695103214419e-02
-1.466185980298664759e+00,4.398933167890858309e-01,2.564366232856581940e-01,3.939324986037377574e+00,2.008797598903195869e+00,2.462962391635201698e-01
-1.064187839517722889e+00,6.001814565160870085e-01,4.300717524171843720e-01,4.131419079640538783e+00,1.920940936031612090e+00,4.017603790534028385e-01
-6.928227689344239604e-01,7.946411087357566627e-01,4.950770516691059830e-01,4.311903367639787099e+00,1.804842879992483162e+00,2.413042019902812974e-01
-2.839869134396474371e-01,1.021433313264913378e+00,5.809958502365807353e-01,4.480163285800625061e+00,1.682599181608379624e+00,1.655603693027629664e-01
8.952593036458544873e-02,1.308325548186844545e+00,5.774164239496395457e-01,4.647291655127646415e+00,1.671283693270213533e+00,1.425460135880474433e-01
5.179324627237286149e-01,1.543869444813865233e+00,4.117218144717336159e-01,4.825533409124571627e+00,1.782417539969252118e+00,-2.190686560363829249e-01
9.820799895350366127e-01,1.698085887222334334e+00,2.864240377280863892e-01,5.027182535227547433e+00,2.016491261029758064e+00,-2.603580358090366587e-01
1.529806690430999261e+00,1.841889191214616250e+00,1.541230233592580101e-01,5.251937353983211487e+00,2.247548187556640542e+00,-2.326843669532487890e-01
2.109146195026734283e+00,1.873181339133429324e+00,4.154645957817685448e-02,5.497797412134958428e+00,2.458600581517469408e+00,-3.988235001139489588e-01
2.702150597063230908e+00,1.890623973674718794e+00,6.620886233279862920e-02,5.740745522070441531e+00,2.429481099354831031e+00,-6.651730817442741417e-02
3.263905708072174505e+00,1.949748565844804604e+00,3.306305573797567177e-01,5.951960273655612532e+00,2.112147515851710011e+00,2.488179908319642919e-01
3.852721244341913653e+00,2.285533826392952772e+00,7.687577510142914461e-01,6.114721682694854721e+00,1.627614090392421886e+00,5.577814946222761083e-01
4.133489626549819107e+00,2.790863128334301280e+00,1.296521003510886283e+00,6.209604059307594959e+00,9.488237661274023793e-01,7.132610424583167852e-01
4.164099211200317008e+00,3.392197441496965560e+00,1.791930503123709162e+00,6.222947416566888990e+00,1.334335725929403083e-01,6.504069530123057774e-01
3.877572783449211524e+00,3.929229492002398683e+00,2.296362294014834493e+00,6.178027085968216703e+00,-4.492033059867228673e-01,7.049441105176823541e-01
3.386042883795054692e+00,4.269410524737662804e+00,2.793991550677511704e+00,6.015907185140950908e+00,-1.621199008272657949e+00,7.096141640305578813e-01
2.795906457101756004e+00,4.321130536842575864e+00,-3.039182893665429930e+00,5.837617651134765495e+00,-1.782895340061854128e+00,7.283951927752697619e-01
2.264220801917592674e+00,4.154121672008663779e+00,-2.890913050858653133e+00,5.684336337475317080e+00,-1.532813136594484149e+00,5.039898962187947529e-01
1.706034766756267640e+00,4.042051496762891105e+00,-2.966179931129130143e+00,5.549170964877042422e+00,-1.351653725982746579e+00,-1.574353796496140157e-01
1.155836111934194665e+00,3.957677917374795129e+00,-3.004205581879625608e+00,5.438472212293772756e+00,-1.106987525832696662e+00,-6.835959255071388796e-02
6.138988572941178612e-01,3.891054914021970124e+00,-2.947338169568521682e+00,5.331310223793720660e+00,-1.071619885000520966e+00,5.751525673121020421e-02
9.903147960064262456e-02,3.749767118458004589e+00,-2.784652546779126325e+00,5.225142267932991302e+00,-1.061679558607293572e+00,2.635746792672710725e-01
-3.193521532783086814e-01,3.543033065960639050e+00,-2.641235091399924073e+00,5.114785502346421708e+00,-1.103567655865695940e+00,2.702963512265067481e-01
-7.377448568395155171e-01,3.292245551879850574e+00,-2.578684881825519248e+00,5.004318145787808980e+00,-1.104673565586127282e+00,1.684587005314045205e-01
-1.154036630570099309e+00,3.016340765665707746e+00,-2.499013320416960227e+00,4.895820960751152029e+00,-1.084971850366569512e+00,2.073893135774257102e-01
-1.519806650554794247e+00,2.706824812331389385e+00,-2.455913445818325602e+00,4.795154497593838272e+00,-1.006664631573137569e+00,2.136397722001866228e-01
-1.886927827053724638e+00,2.416764057566715529e+00,-2.575054319262814584e+00,4.714251336618810129e+00,-8.090316097502814330e-01,-1.382102938758237032e-01
-2.340664701177753493e+00,2.184680711741212811e+00,-2.825450956254835777e+00,4.665356855227888566e+00,-4.889448139092156254e-01,-4.453603385402181702e-01
-2.787468566035883999e+00,2.122185623708606528e+00,3.097919002446619885e+00,4.663052463197738362e+00,-2.304392030150204107e-02,-6.371339089897958274e-01
-3.263158240720208436e+00,2.224995007694393401e+00,2.708562523403966527e+00,4.711448103614235272e+00,4.839564041649691006e-01,-6.689611393214427437e-01
-3.652740665375810547e+00,2.522195382458753965e+00,2.269960401411352802e+00,4.828499638435251207e+00,1.170515348210159345e+00,-7.204242586770518431e-01
-3.896776734616616000e+00,2.978530890696783118e+00,1.893702525670632131e+00,5.012721403900737727e+00,1.842217654654865200e+00,-6.426102013533202539e-01
-3.975425093371857788e+00,3.486532463842586527e+00,1.621477487021262709e+00,5.194323826171276970e+00,1.816024222705392432e+00,-6.356112458140565913e-01
-3.949488903761801062e+00,4.017714472365133460e+00,1.692893409455469067e+00,5.412840867631896202e+00,2.185170414606192324e+00,-2.794342877234730627e-01
-4.106349961686976080e+00,4.553500010073060267e+00,2.094223451752013077e+00,5.583858264854733910e+00,1.710173972228377082e+00,5.062800086766933161e-01
-4.491104153069763960e+00,4.956191587337518634e+00,2.519820935389965655e+00,5.692552905829364462e+00,1.086946409746305520e+00,6.291683045026607024e-01
-4.982922731305619912e+00,5.181640748718722378e+00,2.959674619383402039e+00,5.749610835692947397e+00,5.705792986358293462e-01,6.676387864552678630e-01
-5.540783166257008396e+00,5.149281898925824663e+00,-2.841701357354049495e+00,5.763792412536005827e+00,1.418157684305842992e-01,7.065183792480042024e-01
-6.047177957789560132e+00,4.852554782730035043e+00,-2.352514633549169787e+00,5.719629000559882215e+00,-4.416341197612361213e-01,6.825168945939282805e-01
-6.326193525945322804e+00,4.358069768304815739e+00,-1.974813176312749663e+00,5.600111120593582292e+00,-1.195178799662999225e+00,7.241074483107817761e-01
-6.480864544720319920e+00,3.838169076441280581e+00,-1.950261168083914365e+00,5.497434502935307776e+00,-1.026766176582745160e+00,4.073256533680253422e-01
-6.734006271171654845e+00,3.335450415816018754e+00,-2.234327192736862422e+00,5.439025651075621859e+00,-5.840885185968591742e-01,-3.443536866504073313e-01
-7.148987836596646162e+00,2.983548987635021632e+00,-2.575335537246073336e+00,5.431874647636029785e+00,-7.151003439592074074e-02,-5.945819490738264435e-01
-7.639889683704270240e+00,2.759579829629695169e+00,-2.880892266594154094e+00,5.470920777515971167e+00,3.904612987994138251e-01,-5.113407056936221107e-01
-8.198868094913505544e+00,2.703470716449648759e+00,-3.075433628589819612e+00,5.526758481402167966e+00,5.583770388619679892e-01,-4.616530994942379396e-01
-8.779898287113567790e+00,2.684047738026839713e+00,3.093192389051794944e+00,5.592401285018465451e+00,6.564280361629748484e-01,-1.782775107767599621e-01
-9.364874385218975306e+00,2.759949838635431973e+00,2.947886493616024062e+00,5.672106264808842724e+00,7.970497979037727276e-01,-2.481726787551812585e-01
-9.927856655198304736e+00,2.909237950863694966e+00,2.723366810333556209e+00,5.779568281144950248e+00,1.074620163361075242e+00,-2.769624883167634000e-01
-1.044007208428786626e+01,3.237817431651281108e+00,2.492234280945480940e+00,5.946531692381866741e+00,1.669634112369164924e+00,-3.799006963137641080e-01
-1.091060694863523395e+01,3.655334565568208571e+00,2.281081887263845420e+00,6.140207060182477861e+00,1.936753678006111201e+00,-3.807386948519607128e-01
-1.127929838961050102e+01,4.213633246652705999e+00,2.270858256839847211e+00,6.326044313627850357e+00,1.858372534453724967e+00,-2.798728521072889053e-01
-1.175811446291151796e+01,4.661404481143815559e+00,2.535853303266395908e+00,6.493597382220950287e+00,1.675530685930999297e+00,3.000349080742192309e-01
-1.234758344182779410e+01,4.953522911427226560e+00,2.804428053809034704e+00,6.627155813440661625e+00,1.335584312197113377e+00,3.647531284169982513e-01
-1.302195957690046768e+01,5.104445225087991034e+00,3.036183071148644164e+00,6.714300725436469719e+00,8.714491199580809422e-01,3.765039202840781418e-01
-1.371423809984362308e+01,5.098117343645501620e+00,-3.025621938919603959e+00,6.778448811528937412e+00,6.414808609246769322e-01,3.800224127845062139e-01
-1.440528528483444859e+01,4.943296866344222273e+00,-2.855095470842172745e+00,6.839175004071570640e+00,6.072619254263322830e-01,2.414802933959164788e-01
-1.505843445043687368e+01,4.702114396208185276e+00,-2.716041101065756358e+00,6.885321334344627786e+00,4.614633027305714563e-01,1.767579537886609653e-01
-1.565661164560705210e+01,4.376135888333379853e+00,-2.499510480838884607e+00,6.907283503777454925e+00,2.196216943282713885e-01,2.640656082257196169e-01
-1.614799136931102552e+01,3.887359783768423505e+00,-2.216967548336950866e+00,6.895124215232266707e+00,-1.215928854518821822e-01,3.795803662864372652e-01
-1.647530364980920581e+01,3.290597244497317497e+00,-1.994285767487786520e+00,6.862708489134311307e+00,-3.241572609795539961e-01,3.660086281874808667e-01
-1.670376458715554335e+01,2.654402640182416118e+00,-1.762413515668005415e+00,6.823612259204150376e+00,-3.909622993016093062e-01,2.929101831697457636e-01
-1.673013598790200618e+01,1.977010646073321221e+00,-1.527765964958555323e+00,6.772778773913874950e+00,-5.083348529027542639e-01,3.101231032097291340e-01
-1.664557536631414436e+01,1.302954515999023677e+00,-1.229816871594020977e+00,6.698719835587328753e+00,-7.405893832654619757e-01,3.068496003334792444e-01
-1.630240024101186336e+01,7.715754601563293846e-01,-7.651532890832984934e-01,6.535767402265078907e+00,-1.629524333222498456e+00,6.145653189501595337e-01
-1.575794517395913985e+01,4.505558035221595703e-01,-4.134375327436404790e-01,6.377501022295366084e+00,-1.582663799697128226e+00,6.220042746327028027e-01
-1.516231437946643901e+01,2.713921645925111981e-01,-1.959708651183440509e-01,6.214230686243810808e+00,-1.632703360515552760e+00,4.218695777538593039e-01
-1.452236352157656185e+01,2.052696925204887668e-01,-5.843913207707181201e-02,6.041262229412310170e+00,-1.729684568315006388e+00,2.676376694532957012e-01
-1.396992978957157305e+01,2.016308112232162442e-01,1.517818623332373162e-02,5.875828757792803003e+00,-1.654334716195071664e+00,1.650524877066216756e-01
-1.340212028033573333e+01,2.222742589049622186e-01,3.013878879189825152e-02,5.727739414450159217e+00,-1.480893433426437866e+00,8.287865606894663506e-02
-1.285473701879901043e+01,2.352515509817216244e-01,2.282963406092147762e-02,5.598915279268955381e+00,-1.288241351812038360e+00,9.934612334731606799e-04
-1.230612724576745443e+01,2.472997266613411738e-01,4.473283697419012939e-02,5.490406915926684839e+00,-1.085083633422705418e+00,-2.735116805767789840e-03
-1.175638644099932506e+01,2.844166862773722104e-01,3.839423812216461590e-02,5.400840782899612336e+00,-8.956613302707250313e-01,-2.093016331583842995e-02
-1.123153450859951086e+01,2.885781811877925485e-01,-1.352643185456333004e-02,5.328045105356588707e+00,-7.279567754302362914e-01,-1.169281460997057681e-01
-1.071509150502206786e+01,2.703308222045328058e-01,-1.302593669873710128e-02,5.272013881345064767e+00,-5.603122401152393905e-01,-1.579260071045207256e-02
-1.019628854719649702e+01,2.750923700831851559e-01,-1.088656342538449340e-02,5.233634467503253340e+00,-3.837941384181142723e-01,5.782672834880347307e-02
-9.642617357724130756e+00,2.586548031043010565e-01,6.440868051088557630e-03,5.211044168664768605e+00,-2.259029883848473474e-01,1.939611903610251450e-03
-9.117676646201761770e+00,2.820396630850685593e-01,5.164524039363151825e-02,5.199391466693382924e+00,-1.165270197138568165e-01,8.655443377891049173e-02
-8.613122403243410830e+00,3.118706389006768442e-01,1.911562867197392698e-02,5.198117623719208602e+00,-1.273842974174321796e-02,-3.063723930943832233e-02
-8.098750927239498409e+00,3.015194415150277418e-01,-5.259522736755477962e-02,5.215346514362456887e+00,1.722889064324828468e-01,-9.639088987750370208e-02
-7.581332515146824491e+00,2.575533206640291950e-01,-7.340118553241203880e-02,5.236899103301833058e+00,2.155258893937617160e-01,-3.993192837023500086e-02
-7.064615099107903973e+00,2.254760294243652874e-01,-5.195066222180823312e-02,5.280291045332225153e+00,4.339194203039209441e-01,4.420407606151287305e-02
-6.553358917599759970e+00,2.041013161770069695e-01,-1.720243160231791496e-02,5.334663813673064858e+00,5.437276834083970556e-01,9.991281311176448618e-03
-6.009798190263410334e+00,2.073288235992036543e-01,5.937642899042781981e-03,5.392429854600889527e+00,5.776604092782466893e-01,-2.718465394619159689e-02
