-5.420504513553158432e+00,2.920393000842160802e-01,-5.652660566290186317e-01,0.000000000000000000e+00,0.000000000000000000e+00,0.000000000000000000e+00
-5.393691544368860669e+00,2.750315691785134020e-01,-1.824549672768260855e-01,1.743082596778972315e-01,1.743082596778972260e+00,-1.548605126736960803e-02
-5.291036102863841961e+00,2.681514816069318075e-01,-2.038454977066489204e-01,8.391902665114586712e-01,6.648820068335614231e+00,-3.922836282089700588e-01
-5.191488320423816916e+00,2.332327874179983829e-01,-2.483745471917845615e-01,1.023448001280367059e+00,1.842577347689083878e+00,9.321827249576120078e-02
-5.104021150541893981e+00,2.207223939131222334e-01,-1.491834770496514584e-01,1.197383592012892128e+00,1.739355907325250694e+00,1.670619778746459949e-01
-4.893288316050356634e+00,1.884132829024608158e-01,-1.583452372322283475e-01,1.834936751068331429e+00,6.375531590554392558e+00,-3.027297796201983693e-01
-4.739758956110486920e+00,1.625562584505002295e-01,-1.671759041945548585e-01,1.805134402900848034e+00,-2.980234816748339455e-01,1.188148797725226274e-01
-4.535760597952126716e+00,1.280801542782463720e-01,-3.413623131432975792e-03,1.986405693772385295e+00,1.812712908715372606e+00,3.013758288464756796e-01
-4.329572772556345761e+00,1.611560319672576402e-01,9.724365672836947361e-02,2.176659110577594092e+00,1.902534168052087971e+00,3.097431311085129257e-01
-4.109109236767789497e+00,1.697005676731377366e-01,8.802916000931830520e-02,2.248569845147347923e+00,7.191073456975383138e-01,3.425551380769489285e-01
-3.896743015720181447e+00,1.993563961360498293e-01,1.350936236599637186e-01,2.334060957542442694e+00,8.549111239509477045e-01,3.648472268923532713e-01
-3.667531297376361188e+00,2.297205036745783857e-01,4.942189766128961964e-02,2.527939570636716038e+00,1.938786130942733443e+00,-3.910569544892873450e-01
-3.403819231710368154e+00,2.237374786367602730e-01,-5.311164839055744318e-03,2.729270250749268545e+00,2.013306801125525070e+00,-2.890836796313389634e-01
-3.120718496775764628e+00,2.268162634463718741e-01,-5.599685522162097494e-03,2.936757902187093094e+00,2.074876514378245496e+00,-2.694804975127279220e-02
-2.784617710823539483e+00,2.202701086033697908e-01,6.204234067388291612e-02,3.148629259064514851e+00,2.118713568774217570e+00,6.220922397482403499e-02
-2.421386951718533354e+00,2.702601859207869328e-01,1.015760530900611802e-01,3.361075988173025664e+00,2.124467291085108123e+00,1.957154379842416525e-01
-2.112478715595792256e+00,2.887791154308609332e-01,8.534814908793106336e-02,3.573580566763021160e+00,2.125045785899954964e+00,1.380022159572514562e-01
-1.731129783881589113e+00,3.293158203883611579e-01,2.494631576756195512e-01,3.767752036597895593e+00,1.941714698348744328e+00,2.346617995854067551e-01
-1.366814946765176675e+00,4.787519896689258481e-01,3.693190284497331333e-01,3.958465639976001427e+00,1.907136033781058337e+00,3.466594663346677097e-01
-9.430610515225432700e-01,6.343614282429033135e-01,4.357644315277248159e-01,4.141218786178783695e+00,1.827531462027822684e+00,1.292394293289253482e-01
-5.416475953616219918e-01,8.629635054945260508e-01,5.586359623529373319e-01,4.313198224452309049e+00,1.719794382735253535e+00,2.849687040379087488e-01
-1.763216471369887794e-01,1.113612631642122874e+00,6.200174406016407680e-01,4.473790829291870885e+00,1.605926048395618366e+00,1.274205849226638931e-01
1.905342914584771674e-01,1.385694027219851243e+00,5.544663358765502537e-01,4.634082341194831756e+00,1.602915119029608704e+00,-2.612559742987917086e-02
5.982953108505573159e-01,1.593307623149088137e+00,3.656501040209649278e-01,4.806303016649430049e+00,1.722206754545982932e+00,-2.723671761729045127e-01
1.079676567382381158e+00,1.726117506715770800e+00,2.511310011640219830e-01,5.002725475989063142e+00,1.964224593396330931e+00,-2.604783981184704555e-01
1.563829819121761666e+00,1.841012615867915647e+00,6.828221967715805696e-02,5.223020865250103562e+00,2.202953892610404196e+00,-2.037960189240081710e-01
2.125375338988027440e+00,1.797631317981325472e+00,1.807598998914741392e-02,5.465156601744020293e+00,2.421357364939167311e+00,-3.142199313034348407e-01
2.680735640888072702e+00,1.861203993488647068e+00,1.480565894375062419e-01,5.705079230291365100e+00,2.399226285473448073e+00,1.067061921139054737e-01
3.253582078525370402e+00,1.965901094034370855e+00,3.159110164421825018e-01,5.913927711545002630e+00,2.088484812536375301e+00,1.023938523180416144e-01
3.764957022839169554e+00,2.215589872488910039e+00,7.273760030258744624e-01,6.074939802906970776e+00,1.610120913619681460e+00,4.993370107321916662e-01
4.121182551236519664e+00,2.738241717763216343e+00,1.206924656834262644e+00,6.168645612408043100e+00,9.370580950107232354e-01,6.559662053548156457e-01
4.194799108057827297e+00,3.344289334922484702e+00,1.739500795854590720e+00,6.181339643735832112e+00,1.269403132778901266e-01,6.691113045309186047e-01
3.921640292432747366e+00,3.909790922316748851e+00,2.262547299744078977e+00,6.136250997527115558e+00,-4.508864620871655404e-01,7.502613449276966939e-01
3.450399943557111992e+00,4.243013809613607634e+00,2.788250624283691081e+00,5.974397373535220268e+00,-1.618536239918952901e+00,7.237854037164613841e-01
2.874518066372123926e+00,4.295991039747099727e+00,-3.090281828747555970e+00,5.796762586796926797e+00,-1.776347867382934709e+00,7.165864965135753106e-01
2.323645530934734360e+00,4.185148319623288593e+00,-2.956520543284159253e+00,5.644479096321958878e+00,-1.522834904749679197e+00,4.123154965703853536e-01
1.749548841399637400e+00,4.085380513999401941e+00,-2.976886809310106852e+00,5.510610337001250691e+00,-1.338687593207081861e+00,5.370424931855392880e-02
1.217061894030810443e+00,4.001221320234847667e+00,-2.941200769511413071e+00,5.401464142646548616e+00,-1.091461943547020752e+00,-5.022804264375064880e-03
6.845764544467032309e-01,3.869065394058594620e+00,-2.874052473715896117e+00,5.296069537248679460e+00,-1.053946053978691566e+00,4.749906349356787516e-02
1.773154241374250706e-01,3.716214645772083269e+00,-2.822273749864026460e+00,5.191844633045365143e+00,-1.042249042033143169e+00,6.299702548635614796e-02
-2.682742775732091522e-01,3.554020848004375122e+00,-2.721239763407316214e+00,5.085849545596836663e+00,-1.059950874485284800e+00,1.798533921249624024e-01
-6.978521423476502505e-01,3.325018350081756058e+00,-2.587851110135436006e+00,4.977524372295873967e+00,-1.083251733009626960e+00,2.840969310019009209e-01
-1.113871285142436829e+00,3.031217766763572463e+00,-2.517249971934695019e+00,4.871223089926020933e+00,-1.063012823698530340e+00,2.755615221420331107e-01
-1.499040982971497904e+00,2.747773458993545859e+00,-2.479771040102760171e+00,4.772778917877082527e+00,-9.844417204893840534e-01,1.688941526026290496e-01
-1.869934334038613422e+00,2.442223564690244153e+00,-2.535031799160947674e+00,4.694099574696759980e+00,-7.867934318032254737e-01,-8.266070169985310911e-03
-2.280380265573839882e+00,2.205670894911802904e+00,-2.826549214813415034e+00,4.647408046940292969e+00,-4.669152775646701059e-01,-4.216983614889163179e-01
-2.757906432930828711e+00,2.152835681601747986e+00,3.077032659627595645e+00,4.647265801264028440e+00,-1.422456762645296635e-03,-6.448946759770999293e-01
-3.238362064659754402e+00,2.267604263941257692e+00,2.747071198475324660e+00,4.697765240018359378e+00,5.049943875433093865e-01,-6.212470299730290524e-01
-3.629158064656949900e+00,2.515581490896730887e+00,2.415015282050865242e+00,4.816847021979384635e+00,1.190817819610252570e+00,-7.119379347505824240e-01
-3.951545704829491967e+00,2.901462336970562106e+00,1.931477296126563159e+00,5.003012536035438274e+00,1.861655140560536381e+00,-6.781134707904173942e-01
-3.980953794367507292e+00,3.448280106370573250e+00,1.595374977862181520e+00,5.186461420716140580e+00,1.834488846807023066e+00,-7.992258926613221570e-01
-3.977899801225659893e+00,3.973481675425181603e+00,1.685045474111169561e+00,5.406718902400458937e+00,2.202574816843183569e+00,-1.082300122066610221e-01
-4.101056073557879600e+00,4.494933556200867208e+00,1.993566154639492938e+00,5.579363915476939439e+00,1.726450130764805024e+00,4.160307737434141839e-01
-4.427218221838578494e+00,4.972191485443570258e+00,2.446703482253954398e+00,5.689568354213626833e+00,1.102044387366873934e+00,6.210276495891994264e-01
-4.959065942949665740e+00,5.210161187191719279e+00,2.973510204337806773e+00,5.748014947579218159e+00,5.844659336559132612e-01,7.284724085453723186e-01
-5.565490449529404415e+00,5.165337405258730641e+00,-2.829162419644805748e+00,5.763462280455221354e+00,1.544733287600319471e-01,7.232084968753511589e-01
-6.046935457547530923e+00,4.858769328271650423e+00,-2.336857048667150938e+00,5.720441350229555688e+00,-4.302093022566566560e-01,7.217457577450028250e-01
-6.339071201956207879e+00,4.361244680953495489e+00,-1.987308028608909982e+00,5.601943580341971263e+00,-1.184977698875844254e+00,6.873525025529155785e-01
-6.510273824771373619e+00,3.811428635456092895e+00,-1.973247979633843352e+00,5.500166737157057284e+00,-1.017768431849139787e+00,4.283028334689776839e-01
-6.763145956132992076e+00,3.365030016553151260e+00,-2.263225636056015677e+00,5.442540359981178355e+00,-5.762637717587892894e-01,-3.663634266387704175e-01
-7.184452746153100477e+00,2.998605127064811526e+00,-2.572780133842142547e+00,5.436058436667956961e+00,-6.481923313221393812e-02,-5.314260549550801072e-01
-7.673202455968325175e+00,2.783235920019266896e+00,-2.887476606467255902e+00,5.475664900771312738e+00,3.960646410335577627e-01,-5.461851395352652627e-01
-8.212615209505385039e+00,2.731559492916090459e+00,-3.073403032816146130e+00,5.531959464226028800e+00,5.629456345471606227e-01,-4.578819694874231572e-01
-8.783292915064331297e+00,2.707421728588373711e+00,3.120478096917339794e+00,5.597961431625754436e+00,6.600196739972563620e-01,-1.524798062062976134e-01
-9.350777534929905599e+00,2.755594857796421771e+00,2.963358931033599042e+00,5.677934057355144226e+00,7.997262572938979019e-01,-2.669122559118966009e-01
-9.904432675000753861e+00,2.909389842392358982e+00,2.725443279483705350e+00,5.785578677110899903e+00,1.076446197557556772e+00,-3.255170806138509287e-01
-1.041584623853455405e+01,3.226314653194359394e+00,2.444073760446028309e+00,5.952646327465840770e+00,1.670676503549408665e+00,-3.521872514268376553e-01
-1.082633475721345917e+01,3.681995311895307044e+00,2.305966577309377374e+00,6.113418030378820589e+00,1.607717029129798192e+00,-4.222848457099950270e-01
-1.127013825208671349e+01,4.171043811129538703e+00,2.337316247806842107e+00,6.299851997307919227e+00,1.864339669290986379e+00,-9.985991634626296964e-02
-1.173415419120349945e+01,4.624754569794637504e+00,2.499454369969148271e+00,6.468204031199571880e+00,1.683520338916526526e+00,1.064204423924917653e-01
-1.231313780301173644e+01,4.951074762544634744e+00,2.763600620949762110e+00,6.602735464698194612e+00,1.345314334986227323e+00,3.664507226444645993e-01
-1.296280382307621792e+01,5.112634487319839494e+00,3.026716233721750360e+00,6.691000282232447915e+00,8.826481753425330368e-01,4.244356803268957146e-01
-1.361698137428157906e+01,5.101518006389713200e+00,-3.060185508512845765e+00,6.756389287741556338e+00,6.538900550910842213e-01,3.392669944447336827e-01
-1.430811666784437008e+01,5.002873836412980779e+00,-2.924742771126261243e+00,6.817872314956241020e+00,6.148302721468468235e-01,2.290279642601565635e-01
-1.495311697993341760e+01,4.807148495960900547e+00,-2.719919639429023484e+00,6.871343530701017777e+00,5.347121574477675665e-01,2.485422149223626975e-01
-1.554481738827516146e+01,4.448113752992686187e+00,-2.503888401285526033e+00,6.910638696589709973e+00,3.929516588869219618e-01,2.757033802586760229e-01
-1.606060427944232316e+01,3.986520873562358069e+00,-2.293158947592463637e+00,6.899530012670254564e+00,-1.110868391945540878e-01,2.370062292990383901e-01
-1.644509898546349547e+01,3.426525323193171602e+00,-2.044337961062275166e+00,6.868015772761078885e+00,-3.151423990917567863e-01,3.832683613593569905e-01
-1.666643920251415878e+01,2.804241143520074697e+00,-1.812846347458186402e+00,6.829677807564551451e+00,-3.833796519652743484e-01,3.486830340237178638e-01
-1.677199150589531129e+01,2.102487307240363812e+00,-1.572583828362244640e+00,6.779466105050942382e+00,-5.021170251360906889e-01,2.600955416392287667e-01
-1.666888251163743817e+01,1.437357575049899694e+00,-1.236638343263496420e+00,6.705899897912026120e+00,-7.356620713891626195e-01,3.739093618152842247e-01
-1.634356658075269664e+01,8.684639844775334794e-01,-8.238423879821138440e-01,6.613958914820595503e+00,-9.194098309143061698e-01,5.165710263427071292e-01
-1.580630412625264825e+01,5.057698643368133684e-01,-4.400478913459996422e-01,6.454602931491973727e+00,-1.593559833286217753e+00,6.071993143247353952e-01
-1.518142109632173309e+01,3.212805268626980904e-01,-2.112681096145151982e-01,6.289580933325434664e+00,-1.650219981665390634e+00,4.297363120801989123e-01
-1.456356206625021343e+01,2.392408102923246904e-01,-8.658997243585350723e-02,6.114282478119632103e+00,-1.752984552058025614e+00,2.784169936025950864e-01
-1.396140687466057884e+01,2.153747089336947029e-01,-1.320566213429050575e-02,5.946021805476179978e+00,-1.682606726434521249e+00,2.081700881349070054e-01
-1.340334777603076688e+01,2.239185216798091071e-01,1.447201407278440096e-03,5.794686050735151639e+00,-1.513357547410283388e+00,1.276025732783928890e-01
-1.287842257489963060e+01,2.169420064305477569e-01,3.551089269518754431e-03,5.662270678932552315e+00,-1.324153718025993243e+00,3.254370733463690657e-02
-1.232960319449195907e+01,2.277315005690488947e-01,4.410880614174099434e-02,5.549896648634390139e+00,-1.123740302981621753e+00,5.126630669208791929e-02
-1.180958954612204792e+01,2.641175539710335363e-01,3.855533979414353662e-02,5.456256518019936941e+00,-9.364013061445319863e-01,-1.100364994799595854e-02
-1.124202738210789221e+01,2.696841453622276230e-01,-1.264157086524847137e-02,5.379240085297067431e+00,-7.701643272286951003e-01,-9.878745345877772144e-02
-1.067194360598949210e+01,2.497351560440744800e-01,1.322771597570867447e-04,5.318898231824277900e+00,-6.034185347278953060e-01,-2.633134025483382587e-02
-1.016077717082992038e+01,2.698271700699964026e-01,3.382531459336283325e-02,5.276170407962535336e+00,-4.272782386174256430e-01,6.810229628304549643e-02
-9.640141197995340860e+00,2.846495138848337270e-01,1.871717724705477398e-02,5.249241180701520015e+00,-2.692922726101532049e-01,-4.621292287127082288e-02
-9.098458736894333043e+00,2.897130947750788388e-01,4.651710396604916836e-02,5.233301473029489337e+00,-1.593970767203067851e-01,-2.260668671166006505e-02
-8.562740453231947768e+00,3.348032564691403312e-01,-1.237984857330185103e-02,5.227830224861373942e+00,-5.471248168115394606e-02,1.874356008042861108e-02
-7.987963921564279701e+00,2.759646347467028527e-01,-2.845853690717052575e-02,5.240984324818652951e+00,1.315409995727900849e-01,-1.320525258809449043e-01
-7.452198428655739448e+00,3.031903204990511469e-01,-1.551060741014996048e-03,5.276776774549989391e+00,3.579244973133643981e-01,7.480114072636920297e-02
-6.925237500448877093e+00,2.743162801946065210e-01,-6.901095111192134812e-02,5.324345142529502084e+00,4.756836797951269347e-01,-1.471487475998460304e-01
-6.399589599421320329e+00,2.304332452232904227e-01,-8.329056591177633195e-02,5.374516474527275101e+00,5.017133199777301655e-01,-2.121646295751362238e-02
