9.994530935152347306e-02,-2.293621607822236753e-16,4.385962141676343351e-01,0.000000000000000000e+00,0.000000000000000000e+00,0.000000000000000000e+00
9.994530935152347306e-02,5.051306754639327788e-03,9.378561757150583045e-02,1.743082596778972315e-01,1.743082596778972260e+00,-1.548605126736960803e-02
1.998971458752479280e-01,1.014288147491272836e-02,2.190704296634616438e-02,8.391902665114586712e-01,6.648820068335614231e+00,-4.621231754345614395e-01
3.998525742856401388e-01,7.320496922313637911e-03,-1.354104730802649370e-01,1.489938507266809875e+00,6.507482407553511372e+00,-5.267463430624825804e-01
5.998732885750205357e-01,-4.385539285558282679e-02,-2.213913165740996059e-01,2.129615224020759978e+00,6.396767167539501031e+00,-6.884850576974674841e-01
7.999303257807307554e-01,-8.832471758320743771e-02,-1.218733285581910242e-01,2.297198234884689327e+00,1.675830108639293492e+00,5.997620866544344231e-01
1.100033248612374726e+00,-9.778234433564152173e-02,4.476307582746966163e-02,2.470813036171680466e+00,1.736148012869911383e+00,5.459258670478833730e-01
1.300140701661535170e+00,-6.807417855134949292e-02,1.399893378108992281e-01,2.649331538926804619e+00,1.785185027551241532e+00,3.575299115146869378e-01
1.600401979579088030e+00,-2.500186082808044524e-02,9.198546107660617033e-02,2.832203539510448120e+00,1.828720005836435014e+00,1.877001804019360620e-01
1.900683030048448519e+00,-1.404174329627068396e-02,-2.869269663241968103e-03,3.018890372851161352e+00,1.866868333407132319e+00,-3.807035485582196260e-02
2.200818738814093845e+00,-3.015432597909466911e-02,4.879571514332964322e-03,3.208838943163365265e+00,1.899485703122039126e+00,-1.237695926495096556e-02
2.600453638850786398e+00,-1.272473435192135113e-02,7.084612654080349459e-03,3.401287008856735294e+00,1.924480656933700295e+00,1.216912602652602954e-01
2.999864679883064156e+00,-2.433401145963139112e-02,4.564887416453304592e-02,3.594977447497451184e+00,1.936904386407158896e+00,5.464576719695446450e-02
3.400523595241181418e+00,2.560834363629942156e-02,4.589340719066298258e-02,3.786597868308597015e+00,1.916204208111458307e+00,1.545493655943107614e-01
3.703009035586654285e+00,1.432228597749900419e-02,-3.704475416727623371e-02,3.976103550629608741e+00,1.895056823210117258e+00,-5.538369548065378255e-03
4.107918031188368957e+00,-1.149010065266326507e-02,-2.986272296648967428e-02,4.160534430104920744e+00,1.844308794753120040e+00,1.684789798630032531e-01
4.510258482291943594e+00,-1.884947627331715059e-02,2.478960637626193009e-02,4.335612436893899968e+00,1.750780067889792235e+00,2.884157172691212967e-01
5.007979835710276717e+00,-6.567680764556060174e-03,-3.275031496337255099e-02,4.498740313187850504e+00,1.631278762939505356e+00,2.941881003300026998e-01
5.407289443467026224e+00,-2.745458563384681888e-02,-1.173620041855165663e-01,4.649511091358439430e+00,1.507707781705889261e+00,1.090945767270616457e-01
5.909776901431478713e+00,-1.002491489183644502e-01,-1.531765618006920571e-01,4.799205756638659004e+00,1.496946652802195743e+00,-3.836604479533127499e-02
6.410629274781394216e+00,-1.508140629274752342e-01,-1.711854359089660660e-01,4.960238035978352222e+00,1.610322793396932184e+00,-1.313333693419767578e-01
7.016296157868174177e+00,-2.498173523196031975e-01,-7.168662537438744153e-02,5.145051588621281979e+00,1.848135526429297570e+00,-3.468510498048591462e-01
7.623162631558063396e+00,-2.368975932867586898e-01,4.735631664803729990e-03,5.353475700728966835e+00,2.084241121076848557e+00,-1.896455805569056963e-01
8.221197252050645332e+00,-2.608917666594349205e-01,8.440673725389538640e-02,5.583622739430075477e+00,2.301470387011086416e+00,-3.476146592858734841e-01
8.721850515234251588e+00,-1.915207225837955718e-01,7.273752027179578028e-02,5.811570878587032141e+00,2.279481391569566640e+00,1.105491414735274847e-01
9.240188013052112126e+00,-2.195841626215807862e-01,1.998211481473560758e-02,6.008577402906363218e+00,1.970065243193310778e+00,1.623473088656066099e-01
9.755954865515594321e+00,-2.183311912967670354e-01,-6.278499010719418294e-03,6.157985236113842298e+00,1.494078332074790794e+00,5.601711443855610373e-01
1.029184617823801062e+01,-2.852225705368238717e-01,-7.683214713585306832e-02,6.240416758943805320e+00,8.243152282996302205e-01,6.218452618211351979e-01
1.074369713452919051e+01,-2.647823783965961297e-01,1.495260266002793603e-01,6.242246220802238454e+00,1.829461858433134580e-02,7.346297662899551328e-01
1.124196040093445781e+01,-1.884179639949590812e-01,6.862590889566710928e-02,6.186770396300437902e+00,-5.547582450180055247e-01,7.439158960728010639e-01
1.170107171409091507e+01,-2.505735633360446912e-01,-2.377321254577569043e-01,6.015063117857033959e+00,-1.717072784434039434e+00,7.026761994945684986e-01
1.224569447844623227e+01,-3.718192590436406042e-01,-1.345164231743560812e-01,5.838454881034701671e+00,-1.766082368223322874e+00,6.290579104031814861e-01
1.278675485432390602e+01,-3.558579531444128197e-01,1.006407713751462651e-01,5.677313365845778392e+00,-1.611415151889232789e+00,4.275322030796935846e-01
1.338066328939232896e+01,-2.606124350978134552e-01,-6.106203337472708270e+00,5.552816428896099055e+00,-1.244969369496793377e+00,6.867945808995012946e-02
1.397024321318958151e+01,-1.730641597460884085e-01,1.514462226477317763e-01,5.435617007111986254e+00,-1.171994217841128005e+00,-5.184996458453942914e-02
1.447319338699794500e+01,-9.558956784497291137e-02,1.323356215049336093e-01,5.322632968382992935e+00,-1.129840387289933190e+00,7.493697814606233021e-02
1.497625629400159220e+01,-4.252777753904794789e-02,7.883566006201592202e-02,5.209545191350286153e+00,-1.130877770327067822e+00,1.090425435515930963e-01
1.547789240501446706e+01,-1.556217207885534845e-02,-8.803582639555607159e-03,5.094722692492980265e+00,-1.148224988573058880e+00,2.365258666964050183e-01
1.598164985414021189e+01,-4.565133962326665268e-02,3.641368951242895946e-03,4.980436804089239722e+00,-1.142858884037405431e+00,2.932490041340826137e-01
1.648778573643904721e+01,-8.046290162284164618e-03,7.041862402948684263e-03,4.868741753808953021e+00,-1.116950502802867007e+00,3.296553426909874518e-01
1.689241370334719861e+01,-1.232228838900202746e-02,-8.645988190592746037e-02,4.765468004001794711e+00,-1.032737498071583104e+00,-3.082659826481844167e-02
1.739261080199719700e+01,-7.058411765450542386e-02,-1.244849426409420090e-01,4.710639925486631796e+00,-5.482807851516291464e-01,-2.083913932125215918e-01
1.779337677464892309e+01,-1.066831209105548184e-01,-1.353038653004543512e-01,4.659681154685632265e+00,-5.095877080099953105e-01,-3.795323178124067609e-01
1.831306495040463744e+01,-1.470634089488982443e-01,6.152395185142077061e+00,4.655575659191835136e+00,-4.105495493797128859e-02,-6.040978089243023152e-01
1.893113055618962903e+01,-1.968140811657818068e-01,-6.629993989942573052e-02,4.702425074531109139e+00,4.684941533927400314e-01,-6.703477941603487311e-01
1.944465826092031691e+01,-2.141006903574335651e-01,-4.730980082324975911e-02,4.818175237073456074e+00,1.157501625423469349e+00,-7.366080943832903349e-01
2.006789812697585873e+01,-2.069074613785160943e-01,1.015765162645674291e-01,5.001329011501757904e+00,1.831537744283018299e+00,-6.571554166728562629e-01
2.067967440034563964e+01,-9.351733844991172440e-02,2.481315440102582759e-01,5.182084165762820938e+00,1.807551542610630335e+00,-5.850497574605475481e-01
2.117885546945649722e+01,-2.638015169071624214e-02,1.759725718447739951e-01,5.399961062618996444e+00,2.178768968561755059e+00,-1.901338779572517568e-01
2.167205613068814785e+01,4.279540809503351584e-03,2.055710174812785951e-02,5.570531127747963218e+00,1.705700651289667746e+00,4.614647920362108247e-01
2.230697770199065388e+01,-4.732214077206799152e-02,-6.897510941148921049e-02,5.678956441209177974e+00,1.084253134612147562e+00,6.049152520180137715e-01
2.286358474477169977e+01,-6.394125921397121604e-02,-3.045364411286666240e-02,5.735907940956888496e+00,5.695149974771052115e-01,7.236310862578890779e-01
2.340063514509058251e+01,-7.181798482029039254e-02,-5.148658937430372617e-02,5.750130759643022671e+00,1.422281868613417544e-01,6.722447976805622227e-01
2.386952417839356499e+01,-1.779438697146317749e-01,-2.467109607647355318e-01,5.648857155482701842e+00,-1.012736041603208292e+00,6.900940220406245329e-01
2.435983180316131680e+01,-2.832239991310611660e-01,-2.313177181225938295e-01,5.530724117703118559e+00,-1.181330377795832831e+00,7.593340041814907737e-01
2.499912528039386572e+01,-3.699003926690253574e-01,-8.240552908661791243e-02,5.429987728041793638e+00,-1.007363896613249210e+00,4.020251554380103731e-01
2.562126318492543220e+01,-3.445972905181914347e-01,6.572226770905587045e-02,5.373999549128297915e+00,-5.598817891349572307e-01,-3.834437573718779135e-01
2.631950644047248744e+01,-2.556376947868404526e-01,2.571124032036071760e-01,5.369677412359750157e+00,-4.322136768547757413e-02,-5.984406085030513633e-01
2.692715379293835909e+01,-1.134353415453352443e-01,2.347823018898984593e-01,5.411891494596394736e+00,4.221408223664457893e-01,-5.388507273565055211e-01
2.743522117292419438e+01,-4.351897328937274351e-02,1.090376223877935757e-01,5.471170648432819306e+00,5.927915383642456959e-01,-4.329865531458590988e-01
2.802989125521963842e+01,-4.453318798584235579e-03,-2.461955903885648667e-02,5.540466635334015066e+00,6.929598690119576077e-01,-2.857603911063936741e-01
2.853788664599969849e+01,-5.577176058791064039e-02,-1.709132607921408642e-01,5.623978826577645584e+00,8.351219124363051804e-01,-3.069892143660981065e-01
2.916381991738096602e+01,-1.713398325152769019e-01,-1.647862899832737149e-01,5.735348607603993010e+00,1.113697810263474253e+00,-2.349643935415594853e-01
2.984205256633453018e+01,-1.767940400503197063e-01,4.354237300579066883e-02,5.906271203797534675e+00,1.709225961935416649e+00,-2.459469633267108712e-01
3.053141603743909727e+01,-1.432050429850226791e-01,1.925684840180927893e-01,6.070976109201938087e+00,1.647049054044034122e+00,-5.357992690317665563e-01
3.116295875911669810e+01,-3.743588202119878944e-03,1.497504450570774637e-01,6.261374377585086748e+00,1.903982683831486611e+00,-5.636109001901561111e-02
3.189406259999566728e+01,6.703411083331379389e-03,3.034841102329810525e-02,6.433679058982613164e+00,1.723046813975264158e+00,6.227054593369361901e-02
3.249102736758761267e+01,4.236900903224963266e-02,-1.993715558019371059e-02,6.572113124958691266e+00,1.384340659760781023e+00,4.185736817832200751e-01
3.318451479367320189e+01,-5.623368923932631214e-02,6.144824069474919881e+00,6.664196535120050058e+00,9.208341016135879187e-01,3.941843260340900379e-01
3.389972746219481081e+01,-1.011450414933481867e-01,-4.191503262453277756e-02,6.733290311464677380e+00,6.909377634462732232e-01,4.130686334032644957e-01
3.459844254408405106e+01,-1.082578871058758746e-01,3.291587197669842979e-02,6.798338622194097347e+00,6.504831072941996695e-01,1.765295869166854936e-01
3.530628065800966198e+01,-6.298723173755746418e-02,2.611397879391530452e-02,6.855213930029758096e+00,5.687530783566074888e-01,2.183906338567528915e-01
3.591928882461417061e+01,-7.417042822670218138e-02,3.372175663904553033e-02,6.881766980524892219e+00,2.655305049513412285e-01,2.122284740903594979e-01
3.661189093215669743e+01,-5.643255325284050883e-02,-5.948264305490758019e-02,6.873994650168306464e+00,-7.772330356585754885e-02,3.946289987544310818e-01
3.721197944621069809e+01,-1.157850508352483848e-01,-6.392643798009634004e-02,6.845738482090732546e+00,-2.825616807757391769e-01,3.488665225865684727e-01
3.793438966272407953e+01,-1.349894791320193910e-01,1.068431206619346874e-02,6.810555554449350346e+00,-3.518292764138220008e-01,3.346055529802909878e-01
3.864251329441812288e+01,-1.319606421622101788e-01,9.501881274079693185e-03,6.763374608266524923e+00,-4.718094618282542285e-01,2.624697245191078832e-01
3.933584032493943994e+01,-1.565042296231229368e-01,7.658810339564281477e-03,6.692696996793157105e+00,-7.067761147336781846e-01,3.926501571064272000e-01
3.986915123710699049e+01,-1.890772048344619982e-01,-2.216126243812247543e-01,6.532847986026708575e+00,-1.598490107664485294e+00,6.099661203951459720e-01
4.047808825752859718e+01,-1.698192211197988299e-01,7.245767241312478513e-02,6.377403880519600499e+00,-1.554441055071080768e+00,6.320262991266994979e-01
4.107056177756560089e+01,-1.227061021847229705e-01,5.056228298680862099e-02,6.216674562902148260e+00,-1.607293176174522387e+00,3.617136802410390040e-01
4.166703535274033499e+01,-1.023935063747430652e-01,-4.248602055425937385e-02,6.045968583894756776e+00,-1.707059790073914840e+00,2.633062839633424357e-01
4.217442843227447469e+01,-1.267679779920195260e-01,-3.679029885359937080e-02,5.882524278772122805e+00,-1.634443051226339705e+00,1.727810399455931567e-01
4.277815260135731279e+01,-1.272995602509935376e-01,-1.495910408713999745e-02,5.736158230066871866e+00,-1.463660487052509396e+00,9.405500253939585997e-02
4.327631286594188964e+01,-1.414479148826632282e-01,-1.998669006906128240e-02,5.608800871903154572e+00,-1.273573581637172936e+00,-1.940038561742115850e-02
4.387481978017920881e+01,-1.457487643105923603e-01,1.505111134217242130e-02,5.501513751950279918e+00,-1.072871199528746544e+00,1.046228243522635652e-02
4.437523881964430927e+01,-1.297743471433653317e-01,9.266209010624547326e-03,5.412935669613426981e+00,-8.857808233685293686e-01,4.954206508695523266e-03
4.497578277529624557e+01,-1.385534311680052533e-01,1.354349500782797006e-02,5.340908288824462780e+00,-7.202738078896420149e-01,-3.887941969063853781e-02
4.547572419051954995e+01,-1.127320971662216093e-01,3.091316048864737112e-02,5.285439900056914553e+00,-5.546838876754822678e-01,3.535679629664986029e-02
4.597557536098809550e+01,-1.053644807972768382e-01,4.051536944172336174e-02,5.247432777747562227e+00,-3.800712230935232583e-01,-7.741446206573009137e-02
4.657558979215318828e+01,-7.207872250520681867e-02,-2.065773357091286663e-02,5.225039558185848421e+00,-2.239321956171380634e-01,-2.440984617255641601e-02
4.707576243299822494e+01,-1.303022323523383152e-01,-7.440531912596687336e-02,5.213424273668345599e+00,-1.161528451750282187e-01,-5.050642799032820790e-02
4.757653666288698702e+01,-1.465272113532573306e-01,-4.889785053026825257e-02,5.212043778332915878e+00,-1.380495335429721138e-02,1.994756725272459064e-01
4.817622235298802025e+01,-1.698730146108985983e-01,4.181240328179768213e-03,5.229037420304897488e+00,1.699364197198161008e-01,-3.603100411611493553e-02
4.867537526714742313e+01,-1.415821892214881306e-01,6.791130568866098061e-02,5.268404926894604046e+00,3.936750658970655792e-01,-6.118570953579870186e-02
4.917595014056569624e+01,-1.141937439760123685e-01,5.126574748432747436e-02,5.311002917925370603e+00,4.259799103076655769e-01,-1.160751037106151212e-01
4.967638071133480082e+01,-9.904995757601456341e-02,-5.928281573148668632e-02,5.364354011640615205e+00,5.335109371524460187e-01,-2.676429328023239088e-02
5.027650292778118057e+01,-1.774237451581979208e-01,-1.401804651941679358e-01,5.420903643425729612e+00,5.654963178511440702e-01,-1.524623474201909287e-02
